[
    1,
    0,
    0,
    [
        [
            "cc.Skeleton",
            [
                "_name",
                "_hash",
                "_joints",
                "_bindposes"
            ],
            0,
            12
        ]
    ],
    [
        [
            0,
            0,
            1,
            2,
            3,
            4
        ]
    ],
    [
        [
            0,
            "Skin-10",
            1459002804,
            [
                "Animirani_objekti/Group115/Point012/Bone479",
                "Animirani_objekti/Group115/Point012/Bone479/Bone480",
                "Animirani_objekti/Group115/Point012/Bone479/Bone480/Bone481",
                "Animirani_objekti/Group115/Point012/Bone479/Bone480/Bone481/Bone482"
            ],
            [
                [
                    [
                        7,
                        0.9897369742393494,
                        -0.14290200173854828,
                        -1.87316999245013e-7,
                        0,
                        -2.62937192019308e-7,
                        -5.102910449750198e-7,
                        -1,
                        0,
                        0.14290200173854828,
                        0.9897369742393494,
                        -5.426280154097185e-7,
                        0,
                        0.18221145868301392,
                        -0.019839996472001076,
                        0.000023192431399365887,
                        1
                    ],
                    [
                        7,
                        0.998869001865387,
                        -0.04755900055170059,
                        -0.000005518480065802578,
                        0,
                        -0.000005550004061660729,
                        -5.307205128701753e-7,
                        -1,
                        0,
                        0.04755900055170059,
                        0.998869001865387,
                        -7.940719797261409e-7,
                        0,
                        0.05643213167786598,
                        -0.01450448576360941,
                        0.00002288894756929949,
                        1
                    ],
                    [
                        7,
                        0.9991649985313416,
                        0.04087530076503754,
                        0.0000019695301034516888,
                        0,
                        0.000001993630576180294,
                        -5.488159331434872e-7,
                        -1,
                        0,
                        -0.04087530076503754,
                        0.9991649985313416,
                        -6.298470225374331e-7,
                        0,
                        -0.12137650698423386,
                        -0.025328371673822403,
                        0.000021953996110823937,
                        1
                    ],
                    [
                        7,
                        0.9991639852523804,
                        0.040874700993299484,
                        -1.947539942648291e-7,
                        0,
                        -1.9382767391107336e-7,
                        -2.6624094928706654e-8,
                        -1,
                        0,
                        -0.040874700993299484,
                        0.9991639852523804,
                        -1.867920040865556e-8,
                        0,
                        -0.24211066961288452,
                        -0.025332948192954063,
                        0.00002280872649862431,
                        1
                    ]
                ],
                8,
                8,
                8,
                8
            ]
        ]
    ],
    0,
    0,
    [],
    [],
    []
]
