[
    1,
    0,
    0,
    [
        [
            "cc.Skeleton",
            [
                "_name",
                "_hash",
                "_joints",
                "_bindposes"
            ],
            0,
            12
        ]
    ],
    [
        [
            0,
            0,
            1,
            2,
            3,
            4
        ]
    ],
    [
        [
            0,
            "Skin-10",
            1718480966,
            [
                "Animirani_objekti/Group115/Point012/Bone479",
                "Animirani_objekti/Group115/Point012/Bone479/Bone480",
                "Animirani_objekti/Group115/Point012/Bone479/Bone480/Bone481",
                "Animirani_objekti/Group115/Point012/Bone479/Bone480/Bone481/Bone482"
            ],
            [
                [
                    [
                        7,
                        0.9897369742393494,
                        -0.14290200173854828,
                        -1.87316999245013e-7,
                        0,
                        -2.62937192019308e-7,
                        -5.102910449750198e-7,
                        -1,
                        0,
                        0.14290200173854828,
                        0.9897369742393494,
                        -5.426280154097185e-7,
                        0,
                        0.18220621347427368,
                        -0.019840626046061516,
                        0.00002207243232987821,
                        1
                    ],
                    [
                        7,
                        0.998869001865387,
                        -0.04755900055170059,
                        -0.000005518480065802578,
                        0,
                        -0.000005550004061660729,
                        -5.307205128701753e-7,
                        -1,
                        0,
                        0.04755900055170059,
                        0.998869001865387,
                        -7.940719797261409e-7,
                        0,
                        0.05642694979906082,
                        -0.014505675993859768,
                        0.000021768948499811813,
                        1
                    ],
                    [
                        7,
                        0.9991649985313416,
                        0.04087530076503754,
                        0.0000019695301034516888,
                        0,
                        0.000001993630576180294,
                        -5.488159331434872e-7,
                        -1,
                        0,
                        -0.04087530076503754,
                        0.9991649985313416,
                        -6.298470225374331e-7,
                        0,
                        -0.12138154357671738,
                        -0.02532998099923134,
                        0.00002083399704133626,
                        1
                    ],
                    [
                        7,
                        0.9991639852523804,
                        0.040874700993299484,
                        -1.947539942648291e-7,
                        0,
                        -1.9382767391107336e-7,
                        -2.6624094928706654e-8,
                        -1,
                        0,
                        -0.040874700993299484,
                        0.9991639852523804,
                        -1.867920040865556e-8,
                        0,
                        -0.24211572110652924,
                        -0.025334557518363,
                        0.000021688727429136634,
                        1
                    ]
                ],
                8,
                8,
                8,
                8
            ]
        ]
    ],
    0,
    0,
    [],
    [],
    []
]
