[
    1,
    0,
    0,
    [
        [
            "cc.Skeleton",
            [
                "_name",
                "_hash",
                "_joints",
                "_bindposes"
            ],
            0,
            12
        ]
    ],
    [
        [
            0,
            0,
            1,
            2,
            3,
            4
        ]
    ],
    [
        [
            0,
            "Skin-15",
            1728080913,
            [
                "Cizme/Circle021/Bone449",
                "Cizme/Circle021/Bone449/Bone450",
                "Cizme/Circle021/Bone449/Bone450/Bone451",
                "Cizme/Circle021/Bone449/Bone450/Bone451/Bone452"
            ],
            [
                [
                    [
                        7,
                        0.012970022857189178,
                        0.014645620249211788,
                        -0.9998089075088501,
                        0,
                        0.353016197681427,
                        -0.9355721473693848,
                        -0.009125168435275555,
                        0,
                        -0.9355270266532898,
                        -0.352830171585083,
                        -0.017304552718997,
                        0,
                        0.3620295524597168,
                        0.10906007885932922,
                        0.0017698712181299925,
                        1
                    ],
                    [
                        7,
                        0.019224178045988083,
                        0.003603218123316765,
                        -0.9998089075088501,
                        0,
                        -0.2952924370765686,
                        -0.9553629159927368,
                        -0.009120888076722622,
                        0,
                        -0.9552132487297058,
                        0.29541122913360596,
                        -0.017302079126238823,
                        0,
                        0.03640500083565712,
                        0.10981852561235428,
                        0.001769780064933002,
                        1
                    ],
                    [
                        7,
                        0.014358950778841972,
                        -0.013292301446199417,
                        -0.9998089075088501,
                        0,
                        -0.9430685639381409,
                        -0.3324737846851349,
                        -0.009123881347477436,
                        0,
                        -0.33228883147239685,
                        0.9430191516876221,
                        -0.0173095241189003,
                        0,
                        -0.11148419231176376,
                        0.33433467149734497,
                        0.0017663185717538,
                        1
                    ],
                    [
                        7,
                        0.014358481392264366,
                        -0.013291867449879646,
                        -0.9998089075088501,
                        0,
                        -0.9430674910545349,
                        -0.33247485756874084,
                        -0.009123564697802067,
                        0,
                        -0.3322899043560028,
                        0.9430180788040161,
                        -0.017308982089161873,
                        0,
                        -0.5174862742424011,
                        0.33433443307876587,
                        0.0017671077512204647,
                        1
                    ]
                ],
                8,
                8,
                8,
                8
            ]
        ]
    ],
    0,
    0,
    [],
    [],
    []
]
