[
    1,
    0,
    0,
    [
        [
            "cc.Skeleton",
            [
                "_name",
                "_hash",
                "_joints",
                "_bindposes"
            ],
            0,
            12
        ]
    ],
    [
        [
            0,
            0,
            1,
            2,
            3,
            4
        ]
    ],
    [
        [
            0,
            "Skin-14",
            3872861470,
            [
                "Cizme/Circle020/Bone445",
                "Cizme/Circle020/Bone445/Bone446",
                "Cizme/Circle020/Bone445/Bone446/Bone447",
                "Cizme/Circle020/Bone445/Bone446/Bone447/Bone448"
            ],
            [
                [
                    [
                        7,
                        -0.030959511175751686,
                        -0.14849044382572174,
                        -0.9884294867515564,
                        0,
                        0.47179147601127625,
                        -0.8739771842956543,
                        0.11651911586523056,
                        0,
                        -0.8811665773391724,
                        -0.4627249836921692,
                        0.09711446613073349,
                        0,
                        0.3857678472995758,
                        0.0878518745303154,
                        0.01260974258184433,
                        1
                    ],
                    [
                        7,
                        -0.11895548552274704,
                        -0.09412624686956406,
                        -0.9884283542633057,
                        0,
                        -0.19812722504138947,
                        -0.9732261896133423,
                        0.11652274429798126,
                        0,
                        -0.9729321002960205,
                        0.20969544351100922,
                        0.09712151437997818,
                        0,
                        0.04015501216053963,
                        0.08091039955615997,
                        0.012609560042619705,
                        1
                    ],
                    [
                        7,
                        -0.14756162464618683,
                        0.03510507196187973,
                        -0.9884304404258728,
                        0,
                        -0.8868542909622192,
                        -0.44711774587631226,
                        0.11651762574911118,
                        0,
                        -0.43785426020622253,
                        0.8937863111495972,
                        0.09711048752069473,
                        0,
                        -0.13806957006454468,
                        0.30571165680885315,
                        0.012603264302015305,
                        1
                    ],
                    [
                        7,
                        -0.14756524562835693,
                        0.0351053848862648,
                        -0.9884293675422668,
                        0,
                        -0.886851966381073,
                        -0.447118878364563,
                        0.1165207177400589,
                        0,
                        -0.4378545582294464,
                        0.8937851786613464,
                        0.09711260348558426,
                        0,
                        -0.5332391262054443,
                        0.30571073293685913,
                        0.012598707340657711,
                        1
                    ]
                ],
                8,
                8,
                8,
                8
            ]
        ]
    ],
    0,
    0,
    [],
    [],
    []
]
