[
    1,
    0,
    0,
    [
        [
            "cc.Skeleton",
            [
                "_name",
                "_hash",
                "_joints",
                "_bindposes"
            ],
            0,
            12
        ]
    ],
    [
        [
            0,
            0,
            1,
            2,
            3,
            4
        ]
    ],
    [
        [
            0,
            "Skin-1",
            2957150565,
            [
                "Animirani_objekti/Group049/Bone336",
                "Animirani_objekti/Group049/Bone370",
                "Animirani_objekti/Group049/Bone370/Bone371",
                "Animirani_objekti/Group049/Bone370/Bone371/Bone372",
                "Animirani_objekti/Group049/Bone370/Bone371/Bone372/Bone373",
                "Animirani_objekti/Group049/Bone343/Bone344/Bone345/Bone346/Bone347",
                "Animirani_objekti/Group049/Bone343/Bone344/Bone345/Bone346",
                "Animirani_objekti/Group049/Bone343/Bone344/Bone345/Bone346/Bone347/Bone348",
                "Animirani_objekti/Group049/Bone343/Bone344/Bone345",
                "Animirani_objekti/Group049/Bone343/Bone344",
                "Animirani_objekti/Group049/Bone343",
                "Animirani_objekti/Group049/Bone329/Bone330/Bone331/Bone332",
                "Animirani_objekti/Group049/Bone329/Bone330/Bone331/Bone332/Bone333",
                "Animirani_objekti/Group049/Bone329/Bone330/Bone331/Bone332/Bone333/Bone334",
                "Animirani_objekti/Group049/Bone329/Bone330/Bone331",
                "Animirani_objekti/Group049/Bone329/Bone330",
                "Animirani_objekti/Group049/Bone329",
                "Animirani_objekti/Group049/Bone355",
                "Animirani_objekti/Group049/Bone355/Bone356",
                "Animirani_objekti/Group049/Bone355/Bone356/Bone357",
                "Animirani_objekti/Group049/Bone355/Bone356/Bone357/Bone358",
                "Animirani_objekti/Group049/Bone365",
                "Animirani_objekti/Group049/Bone365/Bone366",
                "Animirani_objekti/Group049/Bone365/Bone366/Bone367",
                "Animirani_objekti/Group049/Bone365/Bone366/Bone367/Bone368",
                "Animirani_objekti/Group049/Bone350",
                "Animirani_objekti/Group049/Bone350/Bone351",
                "Animirani_objekti/Group049/Bone350/Bone351/Bone352",
                "Animirani_objekti/Group049/Bone350/Bone351/Bone352/Bone353",
                "Animirani_objekti/Group049/Bone360",
                "Animirani_objekti/Group049/Bone360/Bone361",
                "Animirani_objekti/Group049/Bone360/Bone361/Bone362",
                "Animirani_objekti/Group049/Bone360/Bone361/Bone362/Bone363"
            ],
            [
                [
                    [
                        7,
                        -0.0801624059677124,
                        -0.9967813491821289,
                        0.0000015836619695619447,
                        0,
                        -0.0000026191708002443193,
                        -0.000001378136971652566,
                        -1.0000001192092896,
                        0,
                        0.9967813491821289,
                        -0.0801624208688736,
                        -0.0000025002689199027373,
                        0,
                        -0.7776620984077454,
                        0.4537143111228943,
                        0.20118287205696106,
                        1
                    ],
                    [
                        7,
                        -0.09350914508104324,
                        0.31701430678367615,
                        0.9437995553016663,
                        0,
                        0.23248496651649475,
                        -0.9147943258285522,
                        0.33030563592910767,
                        0,
                        0.9680945873260498,
                        0.25030583143234253,
                        0.011840584687888622,
                        0,
                        -0.8540263772010803,
                        0.12392675131559372,
                        -0.21709458529949188,
                        1
                    ],
                    [
                        7,
                        -0.2953372597694397,
                        0.17824086546897888,
                        0.9386193156242371,
                        0,
                        0.7684912085533142,
                        -0.5393755435943604,
                        0.3442319333553314,
                        0,
                        0.5676247477531433,
                        0.8229848742485046,
                        0.022321157157421112,
                        0,
                        -0.9049854278564453,
                        -0.6233265399932861,
                        -0.23370611667633057,
                        1
                    ],
                    [
                        7,
                        -0.36081281304359436,
                        0.06382116675376892,
                        0.9304516315460205,
                        0,
                        0.9010186195373535,
                        -0.23372262716293335,
                        0.36543020606040955,
                        0,
                        0.24079006910324097,
                        0.970206081867218,
                        0.026826057583093643,
                        0,
                        -0.8536360859870911,
                        -0.9896416068077087,
                        -0.2524270713329315,
                        1
                    ],
                    [
                        7,
                        -0.3431954085826874,
                        -0.1477307677268982,
                        0.9275728464126587,
                        0,
                        0.8829450011253357,
                        0.2860790193080902,
                        0.37224557995796204,
                        0,
                        -0.3203514516353607,
                        0.9467496871948242,
                        0.032257113605737686,
                        0,
                        -0.3868791460990906,
                        -1.4215071201324463,
                        -0.2651611566543579,
                        1
                    ],
                    [
                        7,
                        0.8039754629135132,
                        0.285945862531662,
                        -0.521401047706604,
                        0,
                        -0.49125421047210693,
                        -0.17472387850284576,
                        -0.8533120155334473,
                        0,
                        -0.3351023197174072,
                        0.9421819448471069,
                        -0.0000016137378224811982,
                        0,
                        0.18466128408908844,
                        -1.506699562072754,
                        0.16927656531333923,
                        1
                    ],
                    [
                        7,
                        0.8068258762359619,
                        -0.27777740359306335,
                        -0.5214136838912964,
                        0,
                        -0.4930145740509033,
                        0.16973260045051575,
                        -0.853303849697113,
                        0,
                        0.3255298137664795,
                        0.9455314874649048,
                        -0.0000036455512599786744,
                        0,
                        -0.6413803696632385,
                        -1.2930516004562378,
                        0.16928128898143768,
                        1
                    ],
                    [
                        7,
                        0.6963452100753784,
                        0.49320927262306213,
                        -0.5213901996612549,
                        0,
                        -0.42548641562461853,
                        -0.3013450503349304,
                        -0.8533185720443726,
                        0,
                        -0.5779828429222107,
                        0.816048800945282,
                        0.000013669730833498761,
                        0,
                        0.4868636429309845,
                        -1.4287675619125366,
                        0.16924948990345,
                        1
                    ],
                    [
                        7,
                        0.28951162099838257,
                        -0.8026944994926453,
                        -0.5214059352874756,
                        0,
                        -0.1769036054611206,
                        0.49047860503196716,
                        -0.8533084988594055,
                        0,
                        0.9406847953796387,
                        0.3392814099788666,
                        -3.013811920027365e-7,
                        0,
                        -1.2164942026138306,
                        -0.3111313283443451,
                        0.16927380859851837,
                        1
                    ],
                    [
                        7,
                        -0.5018352270126343,
                        -0.6901428699493408,
                        -0.5214056968688965,
                        0,
                        0.3066406548023224,
                        0.4217052161693573,
                        -0.853308916091919,
                        0,
                        0.808784544467926,
                        -0.5881048440933228,
                        -6.634435862906685e-7,
                        0,
                        -0.5516624450683594,
                        0.8321589231491089,
                        0.16927693784236908,
                        1
                    ],
                    [
                        7,
                        -0.08583991229534149,
                        -0.8489805459976196,
                        -0.5214048027992249,
                        0,
                        0.05246370658278465,
                        0.518758237361908,
                        -0.8533098101615906,
                        0,
                        0.9949267506599426,
                        -0.10060279816389084,
                        0.000010506341823202092,
                        0,
                        -0.7711002230644226,
                        0.4407874047756195,
                        0.16926759481430054,
                        1
                    ],
                    [
                        7,
                        0.7262673377990723,
                        -0.243637815117836,
                        0.6427874565124512,
                        0,
                        0.6094109416007996,
                        -0.20443697273731232,
                        -0.7660437822341919,
                        0,
                        0.31804701685905457,
                        0.9480748772621155,
                        -3.535197663495637e-7,
                        0,
                        -0.4854341745376587,
                        -1.5181282758712769,
                        0.2299906611442566,
                        1
                    ],
                    [
                        7,
                        0.723713219165802,
                        0.25115856528282166,
                        0.6427741646766663,
                        0,
                        0.6072431802749634,
                        0.210747629404068,
                        -0.7660555839538574,
                        0,
                        -0.32786449790000916,
                        0.9447253346443176,
                        0.000006511507308459841,
                        0,
                        0.39100345969200134,
                        -1.6162762641906738,
                        0.229983851313591,
                        1
                    ],
                    [
                        7,
                        0.6230607628822327,
                        0.4456650912761688,
                        0.6427881121635437,
                        0,
                        0.5228090286254883,
                        0.3739616870880127,
                        -0.7660431265830994,
                        0,
                        -0.5817767381668091,
                        0.8133481740951538,
                        0.0000031183396913547767,
                        0,
                        0.7050328850746155,
                        -1.4778783321380615,
                        0.22998251020908356,
                        1
                    ],
                    [
                        7,
                        0.262056440114975,
                        -0.7198262810707092,
                        0.6427874565124512,
                        0,
                        0.21989251673221588,
                        -0.6040059924125671,
                        -0.7660437822341919,
                        0,
                        0.939666748046875,
                        0.34209105372428894,
                        7.421002123919607e-7,
                        0,
                        -1.2471188306808472,
                        -0.5664226412773132,
                        0.2299889326095581,
                        1
                    ],
                    [
                        7,
                        -0.45211073756217957,
                        -0.6184007525444031,
                        0.6427876949310303,
                        0,
                        -0.3793679475784302,
                        -0.5188993811607361,
                        -0.7660435438156128,
                        0,
                        0.8072645664215088,
                        -0.590190052986145,
                        -0.0000014521933735522907,
                        0,
                        -0.6691878437995911,
                        0.7207072377204895,
                        0.22999149560928345,
                        1
                    ],
                    [
                        7,
                        -0.04282292351126671,
                        -0.7648457884788513,
                        0.6427887678146362,
                        0,
                        -0.03592599928379059,
                        -0.6417837738990784,
                        -0.7660439610481262,
                        0,
                        0.998436689376831,
                        -0.055897049605846405,
                        0.000005209060418565059,
                        0,
                        -0.7861288189888,
                        0.2402997761964798,
                        0.22998785972595215,
                        1
                    ],
                    [
                        7,
                        0.15064886212348938,
                        -0.5534372925758362,
                        0.8191538453102112,
                        0,
                        0.21516281366348267,
                        -0.7903910875320435,
                        -0.5735746026039124,
                        0,
                        0.9648886322975159,
                        0.26265987753868103,
                        0.000007611474757140968,
                        0,
                        -0.8810614347457886,
                        0.1972135454416275,
                        -0.14119642972946167,
                        1
                    ],
                    [
                        7,
                        0.4667612910270691,
                        -0.3333473205566406,
                        0.8191538453102112,
                        0,
                        0.6666117310523987,
                        -0.4760700762271881,
                        -0.573573112487793,
                        0,
                        0.5811737179756165,
                        0.8137801289558411,
                        0.0000021600278614641866,
                        0,
                        -1.01032555103302,
                        -0.5705210566520691,
                        -0.14119243621826172,
                        1
                    ],
                    [
                        7,
                        0.5574739575386047,
                        -0.13494254648685455,
                        0.8191538453102112,
                        0,
                        0.7961620092391968,
                        -0.1927178055047989,
                        -0.5735731720924377,
                        0,
                        0.2352650761604309,
                        0.9719316959381104,
                        9.771757731869002e-7,
                        0,
                        -0.9789661765098572,
                        -1.0090343952178955,
                        -0.14118526875972748,
                        1
                    ],
                    [
                        7,
                        0.5431885719299316,
                        0.1842217594385147,
                        0.8191508650779724,
                        0,
                        0.7757508158683777,
                        0.2630953788757324,
                        -0.5735775828361511,
                        0,
                        -0.32118043303489685,
                        0.9470180869102478,
                        2.197809862991562e-7,
                        0,
                        -0.5179279446601868,
                        -1.5222364664077759,
                        -0.14118070900440216,
                        1
                    ],
                    [
                        7,
                        0.025190452113747597,
                        -0.09405718743801117,
                        -0.9952475428581238,
                        0,
                        -0.25743937492370605,
                        0.9613754749298096,
                        -0.09737203270196915,
                        0,
                        0.9659664630889893,
                        0.2586687207221985,
                        0.0000034593970212881686,
                        0,
                        -0.8156300187110901,
                        -0.05562682822346687,
                        0.3383115231990814,
                        1
                    ],
                    [
                        7,
                        0.07911140471696854,
                        -0.05675125867128372,
                        -0.9952490329742432,
                        0,
                        -0.8087279200553894,
                        0.5800692439079285,
                        -0.09736176580190659,
                        0,
                        0.5828389525413513,
                        0.812588095664978,
                        -0.000006234173724806169,
                        0,
                        -0.787814736366272,
                        -0.7181166410446167,
                        0.3383236527442932,
                        1
                    ],
                    [
                        7,
                        0.09473928809165955,
                        -0.022503431886434555,
                        -0.9952475428581238,
                        0,
                        -0.9683046340942383,
                        0.2300063520669937,
                        -0.0973752811551094,
                        0,
                        0.2311045229434967,
                        0.9729287028312683,
                        4.6108544893286307e-7,
                        0,
                        -0.7056626081466675,
                        -1.0653183460235596,
                        0.3383021950721741,
                        1
                    ],
                    [
                        7,
                        0.09219527989625931,
                        0.03137737140059471,
                        -0.9952460527420044,
                        0,
                        -0.9421553611755371,
                        -0.3207164704799652,
                        -0.09738840162754059,
                        0,
                        -0.32224783301353455,
                        0.9466553926467896,
                        -0.000006187797680468066,
                        0,
                        -0.25213193893432617,
                        -1.4169305562973022,
                        0.3383110761642456,
                        1
                    ],
                    [
                        7,
                        0.2569093406200409,
                        -0.9664356708526611,
                        3.597371005525929e-7,
                        0,
                        -4.560431534628151e-7,
                        -4.934618687002512e-7,
                        -1.0000001192092896,
                        0,
                        0.9664350748062134,
                        0.2569095492362976,
                        -5.675116199199692e-7,
                        0,
                        -0.9202276468276978,
                        0.3542318046092987,
                        0.042852383106946945,
                        1
                    ],
                    [
                        7,
                        0.8117561340332031,
                        -0.5839959979057312,
                        -0.0000014874958651489578,
                        0,
                        -0.0000019904518921975978,
                        -2.196348702909745e-7,
                        -1.0000001192092896,
                        0,
                        0.5839964151382446,
                        0.8117557168006897,
                        -0.0000013407072856352897,
                        0,
                        -1.1204478740692139,
                        -0.4614540636539459,
                        0.042852409183979034,
                        1
                    ],
                    [
                        7,
                        0.9729139804840088,
                        -0.23116882145404816,
                        2.5407068449112558e-8,
                        0,
                        -7.249026623412647e-8,
                        -4.149948154008598e-7,
                        -1.0000001192092896,
                        0,
                        0.23116886615753174,
                        0.9729140400886536,
                        -4.2051158288813895e-7,
                        0,
                        -1.0916686058044434,
                        -0.9481560587882996,
                        0.042850371450185776,
                        1
                    ],
                    [
                        7,
                        0.9497175812721252,
                        0.3131076395511627,
                        3.814681903691053e-8,
                        0,
                        9.028203606931129e-8,
                        -1.5201042913304263e-7,
                        -1.0000001192092896,
                        0,
                        -0.3131076693534851,
                        0.94971764087677,
                        -1.7263502627429261e-7,
                        0,
                        -0.6371690630912781,
                        -1.5055289268493652,
                        0.042851950973272324,
                        1
                    ],
                    [
                        7,
                        0.17901834845542908,
                        -0.684069812297821,
                        -0.7071070671081543,
                        0,
                        -0.17902396619319916,
                        0.6840692758560181,
                        -0.7071061134338379,
                        0,
                        0.9674205183982849,
                        0.25317418575286865,
                        -0.0000039453288991353475,
                        0,
                        -0.9139482378959656,
                        0.32355350255966187,
                        0.253257691860199,
                        1
                    ],
                    [
                        7,
                        0.5755034685134888,
                        -0.41084548830986023,
                        -0.7071077227592468,
                        0,
                        -0.5755065679550171,
                        0.4108451306819916,
                        -0.7071054577827454,
                        0,
                        0.5810230374336243,
                        0.8138870596885681,
                        -0.0000014911562402630807,
                        0,
                        -1.0901782512664795,
                        -0.4874795377254486,
                        0.2532557547092438,
                        1
                    ],
                    [
                        7,
                        0.688105583190918,
                        -0.16282802820205688,
                        -0.7071048021316528,
                        0,
                        -0.6881019473075867,
                        0.16282780468463898,
                        -0.7071083784103394,
                        0,
                        0.23027347028255463,
                        0.9731258153915405,
                        4.349241180534591e-7,
                        0,
                        -1.0549306869506836,
                        -0.9572308659553528,
                        0.253249853849411,
                        1
                    ],
                    [
                        7,
                        0.66884845495224,
                        0.2294282615184784,
                        -0.707109808921814,
                        0,
                        -0.6688553094863892,
                        -0.22942817211151123,
                        -0.7071033716201782,
                        0,
                        -0.32446053624153137,
                        0.945899486541748,
                        0.000001632264570616826,
                        0,
                        -0.5891873240470886,
                        -1.5034737586975098,
                        0.2532566487789154,
                        1
                    ]
                ],
                8,
                8,
                8,
                8,
                8,
                8,
                8,
                8,
                8,
                8,
                8,
                8,
                8,
                8,
                8,
                8,
                8,
                8,
                8,
                8,
                8,
                8,
                8,
                8,
                8,
                8,
                8,
                8,
                8,
                8,
                8,
                8,
                8
            ]
        ]
    ],
    0,
    0,
    [],
    [],
    []
]
