[
    1,
    0,
    0,
    [
        [
            "cc.Skeleton",
            [
                "_name",
                "_hash",
                "_joints",
                "_bindposes"
            ],
            0,
            12
        ]
    ],
    [
        [
            0,
            0,
            1,
            2,
            3,
            4
        ]
    ],
    [
        [
            0,
            "Skin-1",
            760137693,
            [
                "Animirani_objekti/Group049/Bone336/Bone337/Bone338/Bone339",
                "Animirani_objekti/Group049/Bone336/Bone337/Bone338/Bone339/Bone340",
                "Animirani_objekti/Group049/Bone336/Bone337/Bone338/Bone339/Bone340/Bone341",
                "Animirani_objekti/Group049/Bone336/Bone337/Bone338",
                "Animirani_objekti/Group049/Bone336/Bone337",
                "Animirani_objekti/Group049/Bone336",
                "Animirani_objekti/Group049/Bone370",
                "Animirani_objekti/Group049/Bone370/Bone371",
                "Animirani_objekti/Group049/Bone370/Bone371/Bone372",
                "Animirani_objekti/Group049/Bone370/Bone371/Bone372/Bone373",
                "Animirani_objekti/Group049/Bone343/Bone344/Bone345/Bone346/Bone347",
                "Animirani_objekti/Group049/Bone343/Bone344/Bone345/Bone346",
                "Animirani_objekti/Group049/Bone343/Bone344/Bone345/Bone346/Bone347/Bone348",
                "Animirani_objekti/Group049/Bone343/Bone344/Bone345",
                "Animirani_objekti/Group049/Bone343/Bone344",
                "Animirani_objekti/Group049/Bone343",
                "Animirani_objekti/Group049/Bone329/Bone330/Bone331/Bone332",
                "Animirani_objekti/Group049/Bone329/Bone330/Bone331/Bone332/Bone333",
                "Animirani_objekti/Group049/Bone329/Bone330/Bone331/Bone332/Bone333/Bone334",
                "Animirani_objekti/Group049/Bone329/Bone330/Bone331",
                "Animirani_objekti/Group049/Bone329/Bone330",
                "Animirani_objekti/Group049/Bone329",
                "Animirani_objekti/Group049/Bone355",
                "Animirani_objekti/Group049/Bone355/Bone356",
                "Animirani_objekti/Group049/Bone355/Bone356/Bone357",
                "Animirani_objekti/Group049/Bone355/Bone356/Bone357/Bone358",
                "Animirani_objekti/Group049/Bone365",
                "Animirani_objekti/Group049/Bone365/Bone366",
                "Animirani_objekti/Group049/Bone365/Bone366/Bone367",
                "Animirani_objekti/Group049/Bone365/Bone366/Bone367/Bone368",
                "Animirani_objekti/Group049/Bone350",
                "Animirani_objekti/Group049/Bone350/Bone351",
                "Animirani_objekti/Group049/Bone350/Bone351/Bone352",
                "Animirani_objekti/Group049/Bone350/Bone351/Bone352/Bone353",
                "Animirani_objekti/Group049/Bone360",
                "Animirani_objekti/Group049/Bone360/Bone361",
                "Animirani_objekti/Group049/Bone360/Bone361/Bone362",
                "Animirani_objekti/Group049/Bone360/Bone361/Bone362/Bone363"
            ],
            [
                [
                    [
                        7,
                        0.9489865303039551,
                        -0.31531599164009094,
                        -6.329804023152974e-7,
                        0,
                        -9.593721870260197e-7,
                        -8.799138981885335e-7,
                        -0.9999993443489075,
                        0,
                        0.31531593203544617,
                        0.9489869475364685,
                        -0.0000011375313988537528,
                        0,
                        -0.6624377369880676,
                        -1.4087128639221191,
                        0.20117618143558502,
                        1
                    ],
                    [
                        7,
                        0.9459390044212341,
                        0.3243444561958313,
                        -0.00002658688390511088,
                        0,
                        -0.00002844399932655506,
                        9.847831279330421e-7,
                        -1.0000001192092896,
                        0,
                        -0.3243444263935089,
                        0.945939302444458,
                        0.000010157198630622588,
                        0,
                        0.18439432978630066,
                        -1.6305439472198486,
                        0.20117436349391937,
                        1
                    ],
                    [
                        7,
                        0.8127263188362122,
                        0.5826453566551208,
                        0.000005288457941787783,
                        0,
                        -0.0000010523607443246874,
                        0.000010544565157033503,
                        -0.9999993443489075,
                        0,
                        -0.5826452970504761,
                        0.8127264976501465,
                        0.000009182997018797323,
                        0,
                        0.5268028378486633,
                        -1.5449671745300293,
                        0.20115730166435242,
                        1
                    ],
                    [
                        7,
                        0.33931735157966614,
                        -0.9406713247299194,
                        0.0000016391627468692604,
                        0,
                        0.000004923668711853679,
                        3.351081545588386e-8,
                        -1.0000001192092896,
                        0,
                        0.9406723380088806,
                        0.33931705355644226,
                        0.000004642927706299815,
                        0,
                        -1.288894534111023,
                        -0.3509710133075714,
                        0.20117440819740295,
                        1
                    ],
                    [
                        7,
                        -0.5859318375587463,
                        -0.8103596568107605,
                        0.0000030172420792951016,
                        0,
                        -0.000006128383120085346,
                        7.078014618855377e-7,
                        -1.0000001192092896,
                        0,
                        0.8103601336479187,
                        -0.5859315395355225,
                        -0.000005380924449127633,
                        0,
                        -0.5531726479530334,
                        0.8670156598091125,
                        0.20118743181228638,
                        1
                    ],
                    [
                        7,
                        -0.0801519900560379,
                        -0.9967827796936035,
                        0.0000015732193787698634,
                        0,
                        -0.000002250345687571098,
                        -0.0000013973453860671725,
                        -1.0000001192092896,
                        0,
                        0.9967823624610901,
                        -0.08015204221010208,
                        -0.0000021311068394425092,
                        0,
                        -0.777667224407196,
                        0.4537074863910675,
                        0.20118406414985657,
                        1
                    ],
                    [
                        7,
                        -0.09351075440645218,
                        0.3170136511325836,
                        0.9437996745109558,
                        0,
                        0.23248989880084991,
                        -0.9147935509681702,
                        0.3303053379058838,
                        0,
                        0.9680934548377991,
                        0.25031107664108276,
                        0.011840559542179108,
                        0,
                        -0.8540265560150146,
                        0.12392682582139969,
                        -0.2170942723751068,
                        1
                    ],
                    [
                        7,
                        -0.2953466475009918,
                        0.1782350242137909,
                        0.9386171698570251,
                        0,
                        0.7684983015060425,
                        -0.5393616557121277,
                        0.3442367613315582,
                        0,
                        0.5676091909408569,
                        0.8229953050613403,
                        0.022325357422232628,
                        0,
                        -0.9049736857414246,
                        -0.6233437061309814,
                        -0.23371364176273346,
                        1
                    ],
                    [
                        7,
                        -0.3608073890209198,
                        0.06382564455270767,
                        0.9304531216621399,
                        0,
                        0.9010169506072998,
                        -0.23373550176620483,
                        0.36542564630508423,
                        0,
                        0.24080371856689453,
                        0.9702029228210449,
                        0.02682550624012947,
                        0,
                        -0.8536540269851685,
                        -0.9896284341812134,
                        -0.25241875648498535,
                        1
                    ],
                    [
                        7,
                        -0.3431954085826874,
                        -0.1477307677268982,
                        0.9275728464126587,
                        0,
                        0.8829450011253357,
                        0.2860790193080902,
                        0.37224557995796204,
                        0,
                        -0.3203514516353607,
                        0.9467496871948242,
                        0.032257113605737686,
                        0,
                        -0.3868791460990906,
                        -1.4215071201324463,
                        -0.2651611566543579,
                        1
                    ],
                    [
                        7,
                        0.8039756417274475,
                        0.2859272062778473,
                        -0.5214109420776367,
                        0,
                        -0.49126896262168884,
                        -0.1747131496667862,
                        -0.8533052206039429,
                        0,
                        -0.33508098125457764,
                        0.9421892762184143,
                        0.000002048536316578975,
                        0,
                        0.1846291720867157,
                        -1.5067044496536255,
                        0.16927215456962585,
                        1
                    ],
                    [
                        7,
                        0.8068316578865051,
                        -0.2777904272079468,
                        -0.5213972926139832,
                        0,
                        -0.49299415946006775,
                        0.16974017024040222,
                        -0.8533142805099487,
                        0,
                        0.3255443572998047,
                        0.9455273151397705,
                        0.000002684865648916457,
                        0,
                        -0.6414062976837158,
                        -1.2930443286895752,
                        0.1692713350057602,
                        1
                    ],
                    [
                        7,
                        0.6963452100753784,
                        0.49320927262306213,
                        -0.5213901996612549,
                        0,
                        -0.42548641562461853,
                        -0.3013450503349304,
                        -0.8533185720443726,
                        0,
                        -0.5779828429222107,
                        0.816048800945282,
                        0.000013669730833498761,
                        0,
                        0.4868636429309845,
                        -1.4287675619125366,
                        0.16924948990345,
                        1
                    ],
                    [
                        7,
                        0.289533406496048,
                        -0.802685558795929,
                        -0.5214080810546875,
                        0,
                        -0.17692574858665466,
                        0.490472674369812,
                        -0.853307843208313,
                        0,
                        0.9406734108924866,
                        0.339311808347702,
                        -0.000007525506134697935,
                        0,
                        -1.2164822816848755,
                        -0.3111676275730133,
                        0.16928909718990326,
                        1
                    ],
                    [
                        7,
                        -0.501846969127655,
                        -0.6901343464851379,
                        -0.521405816078186,
                        0,
                        0.30664774775505066,
                        0.42170020937919617,
                        -0.8533088564872742,
                        0,
                        0.8087747097015381,
                        -0.5881184339523315,
                        -8.360175343113951e-7,
                        0,
                        -0.5516393184661865,
                        0.8321609497070312,
                        0.16927823424339294,
                        1
                    ],
                    [
                        7,
                        -0.0858655646443367,
                        -0.8489775657653809,
                        -0.5214053988456726,
                        0,
                        0.05248589441180229,
                        0.5187567472457886,
                        -0.853309154510498,
                        0,
                        0.9949235916137695,
                        -0.10063624382019043,
                        0.000016006653822842054,
                        0,
                        -0.7710859775543213,
                        0.4408111870288849,
                        0.16926197707653046,
                        1
                    ],
                    [
                        7,
                        0.7262552976608276,
                        -0.24365878105163574,
                        0.6427934765815735,
                        0,
                        0.6094111800193787,
                        -0.20445454120635986,
                        -0.766039252281189,
                        0,
                        0.31807413697242737,
                        0.9480664730072021,
                        0.000002179547436753637,
                        0,
                        -0.48547840118408203,
                        -1.5181139707565308,
                        0.22998669743537903,
                        1
                    ],
                    [
                        7,
                        0.7237145304679871,
                        0.25116661190986633,
                        0.6427691578865051,
                        0,
                        0.6072357892990112,
                        0.21075439453125,
                        -0.766059160232544,
                        0,
                        -0.32787519693374634,
                        0.9447211027145386,
                        0.00000865384572534822,
                        0,
                        0.39102455973625183,
                        -1.6162736415863037,
                        0.22997979819774628,
                        1
                    ],
                    [
                        7,
                        0.6230607628822327,
                        0.4456650912761688,
                        0.6427881121635437,
                        0,
                        0.5228090286254883,
                        0.3739616870880127,
                        -0.7660431265830994,
                        0,
                        -0.5817767381668091,
                        0.8133481740951538,
                        0.0000031183396913547767,
                        0,
                        0.7050328850746155,
                        -1.4778783321380615,
                        0.22998251020908356,
                        1
                    ],
                    [
                        7,
                        0.26206621527671814,
                        -0.7198231220245361,
                        0.6427870988845825,
                        0,
                        0.21989883482456207,
                        -0.6040032505989075,
                        -0.7660441994667053,
                        0,
                        0.9396625757217407,
                        0.342102587223053,
                        -5.98480085045594e-7,
                        0,
                        -1.247117519378662,
                        -0.5664405226707458,
                        0.22998963296413422,
                        1
                    ],
                    [
                        7,
                        -0.4521191120147705,
                        -0.618395209312439,
                        0.642786979675293,
                        0,
                        -0.3793729543685913,
                        -0.518894612789154,
                        -0.7660442590713501,
                        0,
                        0.8072574734687805,
                        -0.5901994705200195,
                        -2.3571580243242352e-7,
                        0,
                        -0.6691830158233643,
                        0.7207108736038208,
                        0.22998933494091034,
                        1
                    ],
                    [
                        7,
                        -0.042801130563020706,
                        -0.7648465633392334,
                        0.6427894830703735,
                        0,
                        -0.03592929616570473,
                        -0.6417844891548157,
                        -0.7660433053970337,
                        0,
                        0.998437762260437,
                        -0.05588247627019882,
                        -0.000011296355296508409,
                        0,
                        -0.7861282229423523,
                        0.24029089510440826,
                        0.23000197112560272,
                        1
                    ],
                    [
                        7,
                        0.15064845979213715,
                        -0.5534377098083496,
                        0.8191530704498291,
                        0,
                        0.21515321731567383,
                        -0.790392279624939,
                        -0.5735753774642944,
                        0,
                        0.9648909568786621,
                        0.2626514732837677,
                        0.0000025286183245043503,
                        0,
                        -0.8810665607452393,
                        0.1972174346446991,
                        -0.1411943882703781,
                        1
                    ],
                    [
                        7,
                        0.4667438566684723,
                        -0.33334431052207947,
                        0.8191649913787842,
                        0,
                        0.666627824306488,
                        -0.4760656952857971,
                        -0.5735575556755066,
                        0,
                        0.5811684131622314,
                        0.8137832880020142,
                        0.00001585674544912763,
                        0,
                        -1.0103198289871216,
                        -0.570530891418457,
                        -0.14121626317501068,
                        1
                    ],
                    [
                        7,
                        0.5574744343757629,
                        -0.13495118916034698,
                        0.8191523551940918,
                        0,
                        0.7961568832397461,
                        -0.19272993505001068,
                        -0.5735761523246765,
                        0,
                        0.23528003692626953,
                        0.9719275236129761,
                        2.977072597332153e-7,
                        0,
                        -0.9789797067642212,
                        -1.0090161561965942,
                        -0.1411801278591156,
                        1
                    ],
                    [
                        7,
                        0.5431885719299316,
                        0.1842217594385147,
                        0.8191508650779724,
                        0,
                        0.7757508158683777,
                        0.2630953788757324,
                        -0.5735775828361511,
                        0,
                        -0.32118043303489685,
                        0.9470180869102478,
                        2.197809862991562e-7,
                        0,
                        -0.5179279446601868,
                        -1.5222364664077759,
                        -0.14118070900440216,
                        1
                    ],
                    [
                        7,
                        0.025189511477947235,
                        -0.09405764937400818,
                        -0.9952475428581238,
                        0,
                        -0.2574169635772705,
                        0.9613821506500244,
                        -0.09737216681241989,
                        0,
                        0.9659717082977295,
                        0.258646696805954,
                        0.000004712786903837696,
                        0,
                        -0.8156296014785767,
                        -0.05561022832989693,
                        0.338306188583374,
                        1
                    ],
                    [
                        7,
                        0.07909020036458969,
                        -0.056750763207674026,
                        -0.9952504634857178,
                        0,
                        -0.8087348341941833,
                        0.5800619125366211,
                        -0.09734426438808441,
                        0,
                        0.5828312039375305,
                        0.8125933408737183,
                        -0.000019110420907964,
                        0,
                        -0.7878000140190125,
                        -0.7181192636489868,
                        0.33833661675453186,
                        1
                    ],
                    [
                        7,
                        0.09477652609348297,
                        -0.022503167390823364,
                        -0.9952438473701477,
                        0,
                        -0.9682999849319458,
                        0.2300124615430832,
                        -0.0974113941192627,
                        0,
                        0.2311105877161026,
                        0.9729276299476624,
                        0.000009964999662770424,
                        0,
                        -0.705682635307312,
                        -1.0653115510940552,
                        0.33827462792396545,
                        1
                    ],
                    [
                        7,
                        0.09219527989625931,
                        0.03137737140059471,
                        -0.9952460527420044,
                        0,
                        -0.9421553611755371,
                        -0.3207164704799652,
                        -0.09738840162754059,
                        0,
                        -0.32224783301353455,
                        0.9466553926467896,
                        -0.000006187797680468066,
                        0,
                        -0.25213193893432617,
                        -1.4169305562973022,
                        0.3383110761642456,
                        1
                    ],
                    [
                        7,
                        0.2568761110305786,
                        -0.9664438366889954,
                        -4.6488182192661043e-7,
                        0,
                        -0.0000031544234389002668,
                        -3.574070319700695e-7,
                        -1.0000001192092896,
                        0,
                        0.9664444923400879,
                        0.25687599182128906,
                        -0.0000031403844786837,
                        0,
                        -0.9202077984809875,
                        0.3542560636997223,
                        0.042853932827711105,
                        1
                    ],
                    [
                        7,
                        0.8117763996124268,
                        -0.5839678049087524,
                        -9.39120809562155e-7,
                        0,
                        -0.0000010255050710838987,
                        1.8261263790009252e-7,
                        -0.9999993443489075,
                        0,
                        0.5839677453041077,
                        0.8117766976356506,
                        -4.5062134290674294e-7,
                        0,
                        -1.1204277276992798,
                        -0.46149444580078125,
                        0.04284738749265671,
                        1
                    ],
                    [
                        7,
                        0.9729131460189819,
                        -0.23117031157016754,
                        0.000007570293291792041,
                        0,
                        0.000007564028692286229,
                        -9.133833032137773e-7,
                        -1.0000001192092896,
                        0,
                        0.2311703860759735,
                        0.9729129672050476,
                        8.5993690390751e-7,
                        0,
                        -1.0916720628738403,
                        -0.9481533765792847,
                        0.04284512996673584,
                        1
                    ],
                    [
                        7,
                        0.9497175812721252,
                        0.3131076395511627,
                        3.814681903691053e-8,
                        0,
                        9.028203606931129e-8,
                        -1.5201042913304263e-7,
                        -1.0000001192092896,
                        0,
                        -0.3131076693534851,
                        0.94971764087677,
                        -1.7263502627429261e-7,
                        0,
                        -0.6371690630912781,
                        -1.5055289268493652,
                        0.042851950973272324,
                        1
                    ],
                    [
                        7,
                        0.1790168583393097,
                        -0.6840705871582031,
                        -0.7071070671081543,
                        0,
                        -0.17902249097824097,
                        0.6840700507164001,
                        -0.7071061134338379,
                        0,
                        0.9674215912818909,
                        0.2531720697879791,
                        -0.000003950874997826759,
                        0,
                        -0.9139476418495178,
                        0.32355472445487976,
                        0.2532564401626587,
                        1
                    ],
                    [
                        7,
                        0.5755034685134888,
                        -0.41084548830986023,
                        -0.7071077227592468,
                        0,
                        -0.5755065679550171,
                        0.4108451306819916,
                        -0.7071054577827454,
                        0,
                        0.5810230374336243,
                        0.8138870596885681,
                        -0.0000014885953305565636,
                        0,
                        -1.0901786088943481,
                        -0.4874802529811859,
                        0.2532544732093811,
                        1
                    ],
                    [
                        7,
                        0.6881095767021179,
                        -0.16283026337623596,
                        -0.7071002125740051,
                        0,
                        -0.6880964636802673,
                        0.16283002495765686,
                        -0.7071130275726318,
                        0,
                        0.23027661442756653,
                        0.9731247425079346,
                        0.000001978504997168784,
                        0,
                        -1.0549367666244507,
                        -0.9572283029556274,
                        0.25324147939682007,
                        1
                    ],
                    [
                        7,
                        0.66884845495224,
                        0.2294282615184784,
                        -0.707109808921814,
                        0,
                        -0.6688553094863892,
                        -0.22942817211151123,
                        -0.7071033716201782,
                        0,
                        -0.32446053624153137,
                        0.945899486541748,
                        0.000001632264570616826,
                        0,
                        -0.5891873240470886,
                        -1.5034737586975098,
                        0.2532566487789154,
                        1
                    ]
                ],
                8,
                8,
                8,
                8,
                8,
                8,
                8,
                8,
                8,
                8,
                8,
                8,
                8,
                8,
                8,
                8,
                8,
                8,
                8,
                8,
                8,
                8,
                8,
                8,
                8,
                8,
                8,
                8,
                8,
                8,
                8,
                8,
                8,
                8,
                8,
                8,
                8,
                8
            ]
        ]
    ],
    0,
    0,
    [],
    [],
    []
]
