[
    1,
    0,
    0,
    [
        [
            "cc.Skeleton",
            [
                "_name",
                "_hash",
                "_joints",
                "_bindposes"
            ],
            0,
            12
        ]
    ],
    [
        [
            0,
            0,
            1,
            2,
            3,
            4
        ]
    ],
    [
        [
            0,
            "Skin-6",
            4048408308,
            [
                "anim1_pile/anim1_Root",
                "anim1_pile/anim1_Root/anim1_Hips",
                "anim1_pile/anim1_Root/anim1_Hips/anim1_Leg_L1",
                "anim1_pile/anim1_Root/anim1_Hips/anim1_Leg_L1/anim1_Leg_L2",
                "anim1_pile/anim1_Root/anim1_Hips/anim1_Leg_L1/anim1_Leg_L2/anim1_Leg_L3",
                "anim1_pile/anim1_Root/anim1_Hips/anim1_Leg_R1",
                "anim1_pile/anim1_Root/anim1_Hips/anim1_Leg_R1/anim1_Leg_R2",
                "anim1_pile/anim1_Root/anim1_Hips/anim1_Leg_R1/anim1_Leg_R2/anim1_Leg_R3",
                "anim1_pile/anim1_Root/anim1_Hips/anim1_Tail_1",
                "anim1_pile/anim1_Root/anim1_Hips/anim1_Tail_1/anim1_Tail_2",
                "anim1_pile/anim1_Root/anim1_Hips/anim1_Breasts1",
                "anim1_pile/anim1_Root/anim1_Hips/anim1_Breasts1/anim1_Breasts2",
                "anim1_pile/anim1_Root/anim1_Hips/anim1_Breasts1/anim1_Head_1",
                "anim1_pile/anim1_Root/anim1_Hips/anim1_Breasts1/anim1_Head_1/anim1_Head_2",
                "anim1_pile/anim1_Root/anim1_Hips/anim1_Breasts1/anim1_Head_1/anim1_Head_2/anim1_Feather_1",
                "anim1_pile/anim1_Root/anim1_Hips/anim1_Breasts1/anim1_Head_1/anim1_Head_2/anim1_Feather_1/anim1_Feather_2"
            ],
            [
                [
                    [
                        7,
                        1.0000004768371582,
                        -1.0257475224761947e-7,
                        3.0174692255968694e-7,
                        0,
                        1.6077432007932657e-7,
                        0.9798514246940613,
                        -0.19972501695156097,
                        0,
                        -2.7518072442944685e-7,
                        0.19972556829452515,
                        0.9798517227172852,
                        0,
                        0.004374813754111528,
                        -0.755426824092865,
                        0.17457114160060883,
                        1
                    ],
                    [
                        7,
                        -1.0000004768371582,
                        -3.5948346521763597e-7,
                        2.53591792898078e-7,
                        0,
                        -4.384010310332087e-7,
                        0.8622843027114868,
                        -0.5064241290092468,
                        0,
                        -3.6617105791947324e-8,
                        -0.5064252018928528,
                        -0.8622851371765137,
                        0,
                        -0.004374679643660784,
                        -0.6770544052124023,
                        0.20322291553020477,
                        1
                    ],
                    [
                        7,
                        1.0000004768371582,
                        -1.159799989380872e-8,
                        -5.96816533970923e-8,
                        0,
                        5.968149707769044e-8,
                        1.4675389081730827e-7,
                        1.0000001192092896,
                        0,
                        -1.1598001670165559e-8,
                        -0.9999995231628418,
                        1.4675443082978745e-7,
                        0,
                        -0.3121691048145294,
                        -0.16029778122901917,
                        -0.4776136577129364,
                        1
                    ],
                    [
                        7,
                        1.0000004768371582,
                        -3.808258384196961e-7,
                        3.908450310063927e-7,
                        0,
                        -4.600784961894533e-7,
                        -0.20321622490882874,
                        0.9791340231895447,
                        0,
                        -2.934534961696045e-7,
                        -0.9791340827941895,
                        -0.20321685075759888,
                        0,
                        -0.25164729356765747,
                        -0.054816216230392456,
                        -0.05792691558599472,
                        1
                    ],
                    [
                        7,
                        1.0000004768371582,
                        6.475752822865388e-9,
                        2.5365599753968127e-7,
                        0,
                        -5.4084470235693516e-9,
                        -0.9989027976989746,
                        0.04682360216975212,
                        0,
                        2.5368100864398e-7,
                        -0.04682370647788048,
                        -0.9989036321640015,
                        0,
                        -0.32906264066696167,
                        0.042896565049886703,
                        0.1540687084197998,
                        1
                    ],
                    [
                        7,
                        1.0000004768371582,
                        -1.159799989380872e-8,
                        2.585509761843241e-8,
                        0,
                        -2.5855026564158834e-8,
                        1.477285422879504e-7,
                        1.0000001192092896,
                        0,
                        -1.1598014992841854e-8,
                        -0.9999995231628418,
                        1.4772908230042958e-7,
                        0,
                        0.3198124170303345,
                        -0.16029778122901917,
                        -0.4776136577129364,
                        1
                    ],
                    [
                        7,
                        1.0000004768371582,
                        7.771510013299121e-7,
                        -9.169162495936689e-8,
                        0,
                        2.4770838535914663e-7,
                        -0.20321665704250336,
                        0.9791339039802551,
                        0,
                        7.42302233902592e-7,
                        -0.9791331887245178,
                        -0.20321743190288544,
                        0,
                        0.2592906355857849,
                        -0.054816171526908875,
                        -0.05792691558599472,
                        1
                    ],
                    [
                        7,
                        1.0000004768371582,
                        6.475752822865388e-9,
                        2.5365599753968127e-7,
                        0,
                        -5.4084470235693516e-9,
                        -0.9989027976989746,
                        0.04682360216975212,
                        0,
                        2.5368100864398e-7,
                        -0.04682370647788048,
                        -0.9989036321640015,
                        0,
                        0.3367058038711548,
                        0.042896565049886703,
                        0.1540687084197998,
                        1
                    ],
                    [
                        7,
                        1.0000004768371582,
                        -5.580804440796783e-8,
                        -8.057210010292692e-8,
                        0,
                        -4.3392468285219365e-8,
                        0.48501914739608765,
                        -0.8745027184486389,
                        0,
                        8.788335037479555e-8,
                        0.8745037317276001,
                        0.48502010107040405,
                        0,
                        0.004375129006803036,
                        0.07311616837978363,
                        0.7995729446411133,
                        1
                    ],
                    [
                        7,
                        0.9999995231628418,
                        -5.580800177540368e-8,
                        1.593521226084249e-8,
                        0,
                        4.100326478351235e-8,
                        0.48501870036125183,
                        -0.8745028376579285,
                        0,
                        4.1075384871192e-8,
                        0.8745034337043762,
                        0.48501989245414734,
                        0,
                        0.004374970681965351,
                        0.32610833644866943,
                        0.9651707410812378,
                        1
                    ],
                    [
                        7,
                        -1.0000004768371582,
                        -2.5825099214671354e-7,
                        2.141306154612721e-8,
                        0,
                        -8.723178268610354e-8,
                        0.2576630413532257,
                        -0.9662355780601501,
                        0,
                        2.440139041937073e-7,
                        -0.9662344455718994,
                        -0.25766414403915405,
                        0,
                        -0.004374867305159569,
                        -0.16680724918842316,
                        0.9165129065513611,
                        1
                    ],
                    [
                        7,
                        1.0000004768371582,
                        -4.358178262720003e-9,
                        2.0450200111099548e-7,
                        0,
                        4.3581702691142254e-9,
                        1.0000001192092896,
                        -1.7470028979005292e-8,
                        0,
                        -2.0450200111099548e-7,
                        1.7470076940639956e-8,
                        1.0000004768371582,
                        0,
                        0.004374939948320389,
                        -0.572215735912323,
                        -0.5159279704093933,
                        1
                    ],
                    [
                        7,
                        -1.0000004768371582,
                        1.8062499407278665e-7,
                        7.44856265555427e-8,
                        0,
                        -1.0208778267184471e-10,
                        0.3807496428489685,
                        -0.9246782064437866,
                        0,
                        -1.9538039452982048e-7,
                        -0.9246780276298523,
                        -0.3807509243488312,
                        0,
                        -0.0043748607859015465,
                        -0.23417076468467712,
                        1.1391468048095703,
                        1
                    ],
                    [
                        7,
                        -1.0000004768371582,
                        -1.024756321466036e-10,
                        -2.1722100029819558e-7,
                        0,
                        3.188325159442229e-9,
                        0.9998859763145447,
                        -0.015149484388530254,
                        0,
                        2.1719776555073622e-7,
                        -0.01514954399317503,
                        -0.999885082244873,
                        0,
                        -0.0043749501928687096,
                        -1.2308169603347778,
                        0.492466539144516,
                        1
                    ],
                    [
                        7,
                        1.0000004768371582,
                        -1.1657187715119477e-10,
                        1.159799989380872e-8,
                        0,
                        1.1657755316640817e-10,
                        1.000001072883606,
                        -5.271400596029707e-7,
                        0,
                        -1.1598010551949756e-8,
                        5.271425038699817e-7,
                        0.9999995231628418,
                        0,
                        0.004374867305159569,
                        -1.6919845342636108,
                        -0.37631478905677795,
                        1
                    ],
                    [
                        7,
                        1.0000004768371582,
                        -1.1647269260173232e-10,
                        2.0450200111099548e-7,
                        0,
                        1.1647892372845803e-10,
                        1.0000001192092896,
                        -3.1970166958217305e-8,
                        0,
                        -2.0450200111099548e-7,
                        3.1970252223345597e-8,
                        1.0000004768371582,
                        0,
                        0.004374939948320389,
                        -1.974914312362671,
                        -0.18198251724243164,
                        1
                    ]
                ],
                8,
                8,
                8,
                8,
                8,
                8,
                8,
                8,
                8,
                8,
                8,
                8,
                8,
                8,
                8,
                8
            ]
        ]
    ],
    0,
    0,
    [],
    [],
    []
]
