[
    1,
    0,
    0,
    [
        [
            "cc.Skeleton",
            [
                "_name",
                "_hash",
                "_joints",
                "_bindposes"
            ],
            0,
            12
        ]
    ],
    [
        [
            0,
            0,
            1,
            2,
            3,
            4
        ]
    ],
    [
        [
            0,
            "Skin-15",
            1728080913,
            [
                "Cizme/Circle021/Bone449",
                "Cizme/Circle021/Bone449/Bone450",
                "Cizme/Circle021/Bone449/Bone450/Bone451",
                "Cizme/Circle021/Bone449/Bone450/Bone451/Bone452"
            ],
            [
                [
                    [
                        7,
                        0.012970022857189178,
                        0.014645620249211788,
                        -0.9998089075088501,
                        0,
                        0.353016197681427,
                        -0.9355721473693848,
                        -0.009125168435275555,
                        0,
                        -0.9355270266532898,
                        -0.352830171585083,
                        -0.017304552718997,
                        0,
                        0.3620339035987854,
                        0.10906048119068146,
                        0.0017700411844998598,
                        1
                    ],
                    [
                        7,
                        0.019224174320697784,
                        0.0036032081115990877,
                        -0.9998089075088501,
                        0,
                        -0.2952924370765686,
                        -0.9553629159927368,
                        -0.009120877832174301,
                        0,
                        -0.9552132487297058,
                        0.29541122913360596,
                        -0.017302079126238823,
                        0,
                        0.036402150988578796,
                        0.10981877893209457,
                        0.0017699161544442177,
                        1
                    ],
                    [
                        7,
                        0.014358950778841972,
                        -0.013292301446199417,
                        -0.9998089075088501,
                        0,
                        -0.9430685639381409,
                        -0.3324737846851349,
                        -0.009123881347477436,
                        0,
                        -0.33228883147239685,
                        0.9430191516876221,
                        -0.0173095241189003,
                        0,
                        -0.11148490011692047,
                        0.3343346416950226,
                        0.0017664484912529588,
                        1
                    ],
                    [
                        7,
                        0.014358475804328918,
                        -0.013291744515299797,
                        -0.9998089075088501,
                        0,
                        -0.9430674910545349,
                        -0.33247485756874084,
                        -0.009123600088059902,
                        0,
                        -0.3322899043560028,
                        0.9430180788040161,
                        -0.01730886474251747,
                        0,
                        -0.5174867510795593,
                        0.3343343734741211,
                        0.0017673542024567723,
                        1
                    ]
                ],
                8,
                8,
                8,
                8
            ]
        ]
    ],
    0,
    0,
    [],
    [],
    []
]
