[
    1,
    0,
    0,
    [
        [
            "cc.Skeleton",
            [
                "_name",
                "_hash",
                "_joints",
                "_bindposes"
            ],
            0,
            12
        ]
    ],
    [
        [
            0,
            0,
            1,
            2,
            3,
            4
        ]
    ],
    [
        [
            0,
            "Skin-10",
            3910118565,
            [
                "Animirani_objekti/Group115/Point012/Bone479",
                "Animirani_objekti/Group115/Point012/Bone479/Bone480",
                "Animirani_objekti/Group115/Point012/Bone479/Bone480/Bone481",
                "Animirani_objekti/Group115/Point012/Bone479/Bone480/Bone481/Bone482"
            ],
            [
                [
                    [
                        7,
                        0.9897410273551941,
                        -0.142877995967865,
                        -1.9777600357429037e-7,
                        0,
                        -2.7349236120244313e-7,
                        -5.102978661852831e-7,
                        -1,
                        0,
                        0.142877995967865,
                        0.9897410273551941,
                        -5.44138003988337e-7,
                        0,
                        0.18221500515937805,
                        -0.01983725279569626,
                        0.00002287601091666147,
                        1
                    ],
                    [
                        7,
                        0.998869001865387,
                        -0.04755840077996254,
                        -0.000005575389877776615,
                        0,
                        -0.000005606977993011242,
                        -5.307242076924013e-7,
                        -1,
                        0,
                        0.04755840077996254,
                        0.998869001865387,
                        -7.967819897203299e-7,
                        0,
                        0.05643327906727791,
                        -0.014504318125545979,
                        0.00002256659536215011,
                        1
                    ],
                    [
                        7,
                        0.9991649985313416,
                        0.04086820036172867,
                        0.000004820400135940872,
                        0,
                        0.0000048468818931723945,
                        -5.488496412908717e-7,
                        -1,
                        0,
                        -0.04086820036172867,
                        0.9991649985313416,
                        -7.464739724127867e-7,
                        0,
                        -0.12137608230113983,
                        -0.025327043607831,
                        0.000021279824068187736,
                        1
                    ],
                    [
                        7,
                        0.9991639852523804,
                        0.040874700993299484,
                        -1.947539942648291e-7,
                        0,
                        -1.9382767391107336e-7,
                        -2.6624094928706654e-8,
                        -1,
                        0,
                        -0.040874700993299484,
                        0.9991639852523804,
                        -1.867920040865556e-8,
                        0,
                        -0.24211139976978302,
                        -0.02533317729830742,
                        0.000022648726371699013,
                        1
                    ]
                ],
                8,
                8,
                8,
                8
            ]
        ]
    ],
    0,
    0,
    [],
    [],
    []
]
