[
    1,
    0,
    0,
    [
        [
            "cc.Skeleton",
            [
                "_name",
                "_hash",
                "_joints",
                "_bindposes"
            ],
            0,
            12
        ]
    ],
    [
        [
            0,
            0,
            1,
            2,
            3,
            4
        ]
    ],
    [
        [
            0,
            "Skin-14",
            3872861470,
            [
                "Cizme/Circle020/Bone445",
                "Cizme/Circle020/Bone445/Bone446",
                "Cizme/Circle020/Bone445/Bone446/Bone447",
                "Cizme/Circle020/Bone445/Bone446/Bone447/Bone448"
            ],
            [
                [
                    [
                        7,
                        -0.030960388481616974,
                        -0.1484905630350113,
                        -0.9884293675422668,
                        0,
                        0.4717915952205658,
                        -0.8739771842956543,
                        0.1165187880396843,
                        0,
                        -0.8811665177345276,
                        -0.4627249836921692,
                        0.09711529314517975,
                        0,
                        0.38575172424316406,
                        0.08785559982061386,
                        0.012587809935212135,
                        1
                    ],
                    [
                        7,
                        -0.11895547807216644,
                        -0.09412667155265808,
                        -0.9884282946586609,
                        0,
                        -0.19812718033790588,
                        -0.9732261896133423,
                        0.11652315407991409,
                        0,
                        -0.9729321599006653,
                        0.20969544351100922,
                        0.09712142497301102,
                        0,
                        0.040133748203516006,
                        0.0809110552072525,
                        0.012609175406396389,
                        1
                    ],
                    [
                        7,
                        -0.14756111800670624,
                        0.035102274268865585,
                        -0.9884304404258728,
                        0,
                        -0.8868539929389954,
                        -0.4471178352832794,
                        0.11651838570833206,
                        0,
                        -0.43785470724105835,
                        0.8937861919403076,
                        0.09710779041051865,
                        0,
                        -0.13807228207588196,
                        0.3057069778442383,
                        0.012597949244081974,
                        1
                    ],
                    [
                        7,
                        -0.1475653350353241,
                        0.035106007009744644,
                        -0.9884293675422668,
                        0,
                        -0.886851966381073,
                        -0.4471189081668854,
                        0.11652052402496338,
                        0,
                        -0.43785449862480164,
                        0.8937851190567017,
                        0.09711319953203201,
                        0,
                        -0.5332382917404175,
                        0.30571237206459045,
                        0.012600849382579327,
                        1
                    ]
                ],
                8,
                8,
                8,
                8
            ]
        ]
    ],
    0,
    0,
    [],
    [],
    []
]
