[
    1,
    0,
    0,
    [
        [
            "cc.Skeleton",
            [
                "_name",
                "_hash",
                "_joints",
                "_bindposes"
            ],
            0,
            12
        ]
    ],
    [
        [
            0,
            0,
            1,
            2,
            3,
            4
        ]
    ],
    [
        [
            0,
            "Skin-12",
            1295446729,
            [
                "Animirani_objekti/Group115/Point011/Bone475",
                "Animirani_objekti/Group115/Point011/Bone475/Bone476",
                "Animirani_objekti/Group115/Point011/Bone475/Bone476/Bone477",
                "Animirani_objekti/Group115/Point011/Bone475/Bone476/Bone477/Bone478"
            ],
            [
                [
                    [
                        7,
                        0.9902269840240479,
                        -0.1394670009613037,
                        -0.00001181900006486103,
                        0,
                        -0.000011992343388556037,
                        -4.024986708373035e-7,
                        -1,
                        0,
                        0.1394670009613037,
                        0.9902269840240479,
                        -0.0000020710999706352595,
                        0,
                        0.1267482191324234,
                        0.03125132992863655,
                        -0.00006965002103243023,
                        1
                    ],
                    [
                        7,
                        0.9996910095214844,
                        0.024879800155758858,
                        0.000002288310042786179,
                        0,
                        0.000002300132791788201,
                        -4.465306915335532e-7,
                        -1,
                        0,
                        -0.024879800155758858,
                        0.9996910095214844,
                        -5.036189918428136e-7,
                        0,
                        -0.00076608284143731,
                        0.03155366703867912,
                        -0.00006960518658161163,
                        1
                    ],
                    [
                        7,
                        0.9911760091781616,
                        -0.13255499303340912,
                        -1.549710049175701e-7,
                        0,
                        -2.10168593639537e-7,
                        -4.024213637876528e-7,
                        -1,
                        0,
                        0.13255499303340912,
                        0.9911760091781616,
                        -4.267290023562964e-7,
                        0,
                        -0.1820349544286728,
                        0.060919586569070816,
                        -0.00006914394907653332,
                        1
                    ],
                    [
                        7,
                        0.9911749958992004,
                        -0.1325560063123703,
                        -2.0854000126746541e-7,
                        0,
                        -2.6471289515939134e-7,
                        -4.061454887960281e-7,
                        -1,
                        0,
                        0.1325560063123703,
                        0.9911749958992004,
                        -4.376510105430498e-7,
                        0,
                        -0.32362672686576843,
                        0.060921695083379745,
                        -0.00006873264646856114,
                        1
                    ]
                ],
                8,
                8,
                8,
                8
            ]
        ]
    ],
    0,
    0,
    [],
    [],
    []
]
