[
    1,
    0,
    0,
    [
        [
            "cc.Skeleton",
            [
                "_name",
                "_hash",
                "_joints",
                "_bindposes"
            ],
            0,
            12
        ]
    ],
    [
        [
            0,
            0,
            1,
            2,
            3,
            4
        ]
    ],
    [
        [
            0,
            "Skin-19",
            681322002,
            [
                "Group115/Point012/Bone479",
                "Group115/Point012/Bone479/Bone480",
                "Group115/Point012/Bone479/Bone480/Bone481",
                "Group115/Point012/Bone479/Bone480/Bone481/Bone482"
            ],
            [
                [
                    [
                        7,
                        0.989737331867218,
                        -0.14289891719818115,
                        1.7273807273454622e-8,
                        0,
                        -2.3281190308921396e-8,
                        -2.821299744937278e-7,
                        -1,
                        0,
                        0.14289891719818115,
                        0.989737331867218,
                        -2.825614160428813e-7,
                        0,
                        0.18221180140972137,
                        -0.019836409017443657,
                        0.00002248060263809748,
                        1
                    ],
                    [
                        7,
                        0.9988685846328735,
                        -0.04755808040499687,
                        1.7273805497097783e-8,
                        0,
                        3.816183369309556e-9,
                        -2.8306322974458453e-7,
                        -1,
                        0,
                        0.04755808040499687,
                        0.9988685846328735,
                        -2.825614160428813e-7,
                        0,
                        0.05643102899193764,
                        -0.014504676684737206,
                        0.000022483569409814663,
                        1
                    ],
                    [
                        7,
                        0.9991640448570251,
                        0.04087444767355919,
                        1.7273803720740943e-8,
                        0,
                        2.880890548340176e-8,
                        -2.8161915111013514e-7,
                        -1,
                        0,
                        -0.04087444767355919,
                        0.9991640448570251,
                        -2.825614160428813e-7,
                        0,
                        -0.12137802690267563,
                        -0.025328662246465683,
                        0.000022482883650809526,
                        1
                    ],
                    [
                        7,
                        0.9991641044616699,
                        0.04087444767355919,
                        3.858279740143189e-8,
                        0,
                        2.8808907259758598e-8,
                        2.397085836491897e-7,
                        -1,
                        0,
                        -0.04087444767355919,
                        0.9991641044616699,
                        2.3833075601942255e-7,
                        0,
                        -0.24211014807224274,
                        -0.025332625955343246,
                        0.000022466199880000204,
                        1
                    ]
                ],
                8,
                8,
                8,
                8
            ]
        ]
    ],
    0,
    0,
    [],
    [],
    []
]
