[
    1,
    0,
    0,
    [
        [
            "cc.Skeleton",
            [
                "_name",
                "_hash",
                "_joints",
                "_bindposes"
            ],
            0,
            12
        ]
    ],
    [
        [
            0,
            0,
            1,
            2,
            3,
            4
        ]
    ],
    [
        [
            0,
            "Skin-1",
            3324061507,
            [
                "Group049/Bone336/Bone337/Bone338/Bone339",
                "Group049/Bone336/Bone337/Bone338/Bone339/Bone340",
                "Group049/Bone336/Bone337/Bone338/Bone339/Bone340/Bone341",
                "Group049/Bone336/Bone337/Bone338",
                "Group049/Bone336/Bone337",
                "Group049/Bone336",
                "Group049/Bone370",
                "Group049/Bone370/Bone371",
                "Group049/Bone370/Bone371/Bone372",
                "Group049/Bone370/Bone371/Bone372/Bone373",
                "Group049/Bone343/Bone344/Bone345/Bone346/Bone347",
                "Group049/Bone343/Bone344/Bone345/Bone346",
                "Group049/Bone343/Bone344/Bone345/Bone346/Bone347/Bone348",
                "Group049/Bone343/Bone344/Bone345",
                "Group049/Bone343/Bone344",
                "Group049/Bone343",
                "Group049/Bone329/Bone330/Bone331/Bone332",
                "Group049/Bone329/Bone330/Bone331/Bone332/Bone333",
                "Group049/Bone329/Bone330/Bone331/Bone332/Bone333/Bone334",
                "Group049/Bone329/Bone330/Bone331",
                "Group049/Bone329/Bone330",
                "Group049/Bone329",
                "Group049/Bone355",
                "Group049/Bone355/Bone356",
                "Group049/Bone355/Bone356/Bone357",
                "Group049/Bone355/Bone356/Bone357/Bone358",
                "Group049/Bone365",
                "Group049/Bone365/Bone366",
                "Group049/Bone365/Bone366/Bone367",
                "Group049/Bone365/Bone366/Bone367/Bone368",
                "Group049/Bone350",
                "Group049/Bone350/Bone351",
                "Group049/Bone350/Bone351/Bone352",
                "Group049/Bone350/Bone351/Bone352/Bone353",
                "Group049/Bone360",
                "Group049/Bone360/Bone361",
                "Group049/Bone360/Bone361/Bone362",
                "Group049/Bone360/Bone361/Bone362/Bone363"
            ],
            [
                [
                    [
                        7,
                        0.9490005970001221,
                        -0.31527435779571533,
                        -7.46375405924482e-9,
                        0,
                        -8.05625859356951e-8,
                        -2.1882587475374748e-7,
                        -1,
                        0,
                        0.31527435779571533,
                        0.9490005970001221,
                        -2.3306519381094404e-7,
                        0,
                        -0.662373960018158,
                        -1.408739447593689,
                        0.20117728412151337,
                        1
                    ],
                    [
                        7,
                        0.9459673166275024,
                        0.3242626488208771,
                        -0.000010975029908877332,
                        0,
                        -0.000011852418538182974,
                        7.307820624191663e-7,
                        -1,
                        0,
                        -0.3242626488208771,
                        0.9459673166275024,
                        0.000004534590516414028,
                        0,
                        0.18424442410469055,
                        -1.6305533647537231,
                        0.20117373764514923,
                        1
                    ],
                    [
                        7,
                        0.8127263188362122,
                        0.582645833492279,
                        0.00000520118646818446,
                        0,
                        -0.0000013550492212743848,
                        0.000010816986105055548,
                        -1,
                        0,
                        -0.582645833492279,
                        0.8127263188362122,
                        0.000009580760888638906,
                        0,
                        0.5268054604530334,
                        -1.5449705123901367,
                        0.20115774869918823,
                        1
                    ],
                    [
                        7,
                        0.3393099904060364,
                        -0.940674364566803,
                        -7.463744289282204e-9,
                        0,
                        -2.217709891283448e-7,
                        -7.206039498441896e-8,
                        -1,
                        0,
                        0.940674364566803,
                        0.3393099904060364,
                        -2.3306519381094404e-7,
                        0,
                        -1.288895606994629,
                        -0.3509562611579895,
                        0.20117713510990143,
                        1
                    ],
                    [
                        7,
                        -0.5859339237213135,
                        -0.8103588819503784,
                        -7.463770934634795e-9,
                        0,
                        -1.8449317451540992e-7,
                        1.4260913872021774e-7,
                        -1,
                        0,
                        0.8103588819503784,
                        -0.5859339237213135,
                        -2.3306519381094404e-7,
                        0,
                        -0.5531774163246155,
                        0.8670251369476318,
                        0.20117723941802979,
                        1
                    ],
                    [
                        7,
                        -0.0801689475774765,
                        -0.9967812895774841,
                        0.0000015936751651679515,
                        0,
                        -1.337963624337135e-7,
                        -0.0000015880602859397186,
                        -1,
                        0,
                        0.9967812895774841,
                        -0.0801689475774765,
                        -6.052587320226621e-9,
                        0,
                        -0.7776591181755066,
                        0.45372211933135986,
                        0.20117639005184174,
                        1
                    ],
                    [
                        7,
                        -0.09349782019853592,
                        0.3170144259929657,
                        0.9438008069992065,
                        0,
                        0.23248551785945892,
                        -0.9147952795028687,
                        0.3303029239177704,
                        0,
                        0.9680953621864319,
                        0.25030261278152466,
                        0.011830102652311325,
                        0,
                        -0.8540299534797668,
                        0.12393166869878769,
                        -0.2170880287885666,
                        1
                    ],
                    [
                        7,
                        -0.2953317165374756,
                        0.17824067175388336,
                        0.9386209845542908,
                        0,
                        0.7684916257858276,
                        -0.5393775105476379,
                        0.34422728419303894,
                        0,
                        0.567626416683197,
                        0.8229836225509644,
                        0.02231881208717823,
                        0,
                        -0.9049862027168274,
                        -0.6233213543891907,
                        -0.2337043583393097,
                        1
                    ],
                    [
                        7,
                        -0.36080944538116455,
                        0.06382135301828384,
                        0.9304533004760742,
                        0,
                        0.9010196328163147,
                        -0.23372305929660797,
                        0.3654271960258484,
                        0,
                        0.2407904416322708,
                        0.9702063202857971,
                        0.0268251933157444,
                        0,
                        -0.8536415100097656,
                        -0.9896450638771057,
                        -0.25242531299591064,
                        1
                    ],
                    [
                        7,
                        -0.34319567680358887,
                        -0.1477290540933609,
                        0.9275736808776855,
                        0,
                        0.8829448223114014,
                        0.2860804498195648,
                        0.3722454905509949,
                        0,
                        -0.32035213708877563,
                        0.9467495083808899,
                        0.03225502371788025,
                        0,
                        -0.38688361644744873,
                        -1.4215093851089478,
                        -0.26516059041023254,
                        1
                    ],
                    [
                        7,
                        0.8039629459381104,
                        0.2859556972980499,
                        -0.5214147567749023,
                        0,
                        -0.49126681685447693,
                        -0.1747293770313263,
                        -0.8533034324645996,
                        0,
                        -0.33511343598365784,
                        0.9421780705451965,
                        0.000004607962637237506,
                        0,
                        0.18468104302883148,
                        -1.5066977739334106,
                        0.1692696511745453,
                        1
                    ],
                    [
                        7,
                        0.8068297505378723,
                        -0.27777835726737976,
                        -0.521406888961792,
                        0,
                        -0.4930068254470825,
                        0.16973336040973663,
                        -0.8533082604408264,
                        0,
                        0.3255307078361511,
                        0.9455315470695496,
                        -7.045787810966431e-7,
                        0,
                        -0.6413816213607788,
                        -1.293052077293396,
                        0.1692746877670288,
                        1
                    ],
                    [
                        7,
                        0.6963459253311157,
                        0.4932081401348114,
                        -0.5213906764984131,
                        0,
                        -0.4254871606826782,
                        -0.30134519934654236,
                        -0.8533181548118591,
                        0,
                        -0.5779820084571838,
                        0.8160496354103088,
                        0.000013229201613285113,
                        0,
                        0.48686403036117554,
                        -1.4287625551223755,
                        0.169246107339859,
                        1
                    ],
                    [
                        7,
                        0.2895163893699646,
                        -0.8026930689811707,
                        -0.5214056968688965,
                        0,
                        -0.1769062876701355,
                        0.4904772937297821,
                        -0.853308916091919,
                        0,
                        0.9406827092170715,
                        0.3392868936061859,
                        -2.3890333977760747e-7,
                        0,
                        -1.2164921760559082,
                        -0.31113314628601074,
                        0.16927461326122284,
                        1
                    ],
                    [
                        7,
                        -0.5018357634544373,
                        -0.6901427507400513,
                        -0.5214056968688965,
                        0,
                        0.30664142966270447,
                        0.42170485854148865,
                        -0.853308916091919,
                        0,
                        0.8087842464447021,
                        -0.5881055593490601,
                        -2.389033681993169e-7,
                        0,
                        -0.5516549944877625,
                        0.832153856754303,
                        0.16927438974380493,
                        1
                    ],
                    [
                        7,
                        -0.08585941046476364,
                        -0.8489792346954346,
                        -0.5214043259620667,
                        0,
                        0.05246330797672272,
                        0.5187581777572632,
                        -0.8533098101615906,
                        0,
                        0.9949249625205994,
                        -0.10061926394701004,
                        -7.596543838417347e-9,
                        0,
                        -0.7710912823677063,
                        0.4407948851585388,
                        0.1692725270986557,
                        1
                    ],
                    [
                        7,
                        0.7262668013572693,
                        -0.24364036321640015,
                        0.6427876353263855,
                        0,
                        0.6094101071357727,
                        -0.20443883538246155,
                        -0.7660444378852844,
                        0,
                        0.3180501461029053,
                        0.9480738043785095,
                        -2.396564582340943e-7,
                        0,
                        -0.4854377508163452,
                        -1.5181286334991455,
                        0.22999140620231628,
                        1
                    ],
                    [
                        7,
                        0.7237086296081543,
                        0.25115904211997986,
                        0.6427792310714722,
                        0,
                        0.6072481274604797,
                        0.21074838936328888,
                        -0.7660515308380127,
                        0,
                        -0.32786545157432556,
                        0.9447245597839355,
                        0.000004569763859763043,
                        0,
                        0.39100226759910583,
                        -1.6162725687026978,
                        0.22998599708080292,
                        1
                    ],
                    [
                        7,
                        0.6230611205101013,
                        0.4456652104854584,
                        0.6427887678146362,
                        0,
                        0.5228093266487122,
                        0.3739621341228485,
                        -0.7660436034202576,
                        0,
                        -0.5817775726318359,
                        0.8133478760719299,
                        0.0000033361548048560508,
                        0,
                        0.7050321102142334,
                        -1.4778777360916138,
                        0.2299824059009552,
                        1
                    ],
                    [
                        7,
                        0.2620560824871063,
                        -0.7198265790939331,
                        0.6427876949310303,
                        0,
                        0.21989089250564575,
                        -0.6040064096450806,
                        -0.7660444378852844,
                        0,
                        0.9396669864654541,
                        0.3420897424221039,
                        -2.39656372968966e-7,
                        0,
                        -1.2471227645874023,
                        -0.5664186477661133,
                        0.22999122738838196,
                        1
                    ],
                    [
                        7,
                        -0.45211246609687805,
                        -0.6183997988700867,
                        0.6427876353263855,
                        0,
                        -0.3793676793575287,
                        -0.5188989043235779,
                        -0.7660444378852844,
                        0,
                        0.8072634339332581,
                        -0.590191125869751,
                        -2.396564298123849e-7,
                        0,
                        -0.6691869497299194,
                        0.7207040190696716,
                        0.2299918532371521,
                        1
                    ],
                    [
                        7,
                        -0.04281030222773552,
                        -0.7648462653160095,
                        0.642788827419281,
                        0,
                        -0.035922229290008545,
                        -0.6417842507362366,
                        -0.7660434246063232,
                        0,
                        0.998437225818634,
                        -0.0558849573135376,
                        -4.219196991783747e-9,
                        0,
                        -0.7861307859420776,
                        0.24028892815113068,
                        0.22999024391174316,
                        1
                    ],
                    [
                        7,
                        0.15065598487854004,
                        -0.5534370541572571,
                        0.8191521763801575,
                        0,
                        0.2151590883731842,
                        -0.7903903126716614,
                        -0.5735763311386108,
                        0,
                        0.9648882150650024,
                        0.2626607418060303,
                        -1.1481265715929112e-8,
                        0,
                        -0.8810650706291199,
                        0.197209432721138,
                        -0.14118750393390656,
                        1
                    ],
                    [
                        7,
                        0.4667655825614929,
                        -0.3333461284637451,
                        0.8191521763801575,
                        0,
                        0.666610598564148,
                        -0.47606784105300903,
                        -0.5735762715339661,
                        0,
                        0.5811713933944702,
                        0.813781201839447,
                        -1.1481265715929112e-8,
                        0,
                        -1.0103263854980469,
                        -0.5705271363258362,
                        -0.14118528366088867,
                        1
                    ],
                    [
                        7,
                        0.5574770569801331,
                        -0.13494127988815308,
                        0.8191521763801575,
                        0,
                        0.7961599826812744,
                        -0.19271619617938995,
                        -0.5735763311386108,
                        0,
                        0.23526301980018616,
                        0.9719317555427551,
                        -1.1481266604107532e-8,
                        0,
                        -0.9789621233940125,
                        -1.0090402364730835,
                        -0.1411845088005066,
                        1
                    ],
                    [
                        7,
                        0.5431884527206421,
                        0.18422141671180725,
                        0.8191514015197754,
                        0,
                        0.7757512927055359,
                        0.26309552788734436,
                        -0.5735774040222168,
                        0,
                        -0.3211803138256073,
                        0.9470183253288269,
                        4.4797070586355403e-7,
                        0,
                        -0.5179261565208435,
                        -1.522234559059143,
                        -0.14118319749832153,
                        1
                    ],
                    [
                        7,
                        0.02518652379512787,
                        -0.09405723959207535,
                        -0.9952481389045715,
                        0,
                        -0.2574363350868225,
                        0.9613768458366394,
                        -0.09737106412649155,
                        0,
                        0.9659669995307922,
                        0.2586655020713806,
                        -1.1306626745977155e-8,
                        0,
                        -0.815628707408905,
                        -0.05562605708837509,
                        0.3383125066757202,
                        1
                    ],
                    [
                        7,
                        0.07912248373031616,
                        -0.05675174295902252,
                        -0.9952481389045715,
                        0,
                        -0.808725893497467,
                        0.5800701379776001,
                        -0.09737107902765274,
                        0,
                        0.5828397274017334,
                        0.8125872015953064,
                        -1.1306625857798736e-8,
                        0,
                        -0.7878193855285645,
                        -0.7181122899055481,
                        0.33831262588500977,
                        1
                    ],
                    [
                        7,
                        0.09473513066768646,
                        -0.02250298112630844,
                        -0.9952481389045715,
                        0,
                        -0.9683055877685547,
                        0.2300070971250534,
                        -0.09737107902765274,
                        0,
                        0.2311052680015564,
                        0.9729288220405579,
                        -1.1306626745977155e-8,
                        0,
                        -0.705656111240387,
                        -1.0653151273727417,
                        0.3383098840713501,
                        1
                    ],
                    [
                        7,
                        0.09219484776258469,
                        0.031377606093883514,
                        -0.9952464699745178,
                        0,
                        -0.9421555995941162,
                        -0.32071653008461,
                        -0.09738808125257492,
                        0,
                        -0.32224780321121216,
                        0.9466556906700134,
                        -0.000005825598691444611,
                        0,
                        -0.25213316082954407,
                        -1.4169299602508545,
                        0.33830615878105164,
                        1
                    ],
                    [
                        7,
                        0.2569068968296051,
                        -0.9664361476898193,
                        1.5824865329250315e-7,
                        0,
                        2.980232594040899e-8,
                        -1.5582222090415598e-7,
                        -1,
                        0,
                        0.9664361476898193,
                        0.2569068968296051,
                        -1.1229756680108949e-8,
                        0,
                        -0.9202198386192322,
                        0.35422760248184204,
                        0.04284768924117088,
                        1
                    ],
                    [
                        7,
                        0.8117600083351135,
                        -0.5839911699295044,
                        1.5824865329250315e-7,
                        0,
                        1.2190184861538e-7,
                        -1.01531682616951e-7,
                        -1,
                        0,
                        0.5839911699295044,
                        0.8117600083351135,
                        -1.1229756680108949e-8,
                        0,
                        -1.120447039604187,
                        -0.4614561200141907,
                        0.042847681790590286,
                        1
                    ],
                    [
                        7,
                        0.972913384437561,
                        -0.23117010295391083,
                        1.5824865329250315e-7,
                        0,
                        1.5136625108880253e-7,
                        -4.7507935363455545e-8,
                        -1,
                        0,
                        0.23117010295391083,
                        0.972913384437561,
                        -1.1229756680108949e-8,
                        0,
                        -1.0916694402694702,
                        -0.9481627345085144,
                        0.0428476519882679,
                        1
                    ],
                    [
                        7,
                        0.9497179388999939,
                        0.31310760974884033,
                        1.3307567314768676e-7,
                        0,
                        1.5380770435058366e-7,
                        -4.1513501969348e-8,
                        -1,
                        0,
                        -0.31310760974884033,
                        0.9497179388999939,
                        -8.758443215128864e-8,
                        0,
                        -0.6371607780456543,
                        -1.5055361986160278,
                        0.04284773766994476,
                        1
                    ],
                    [
                        7,
                        0.17902620136737823,
                        -0.6840686202049255,
                        -0.7071065902709961,
                        0,
                        -0.17902612686157227,
                        0.6840682625770569,
                        -0.7071069478988647,
                        0,
                        0.967418909072876,
                        0.25318124890327454,
                        -1.1066902949607993e-8,
                        0,
                        -0.9139522314071655,
                        0.3235456943511963,
                        0.2532556354999542,
                        1
                    ],
                    [
                        7,
                        0.5755069851875305,
                        -0.4108429253101349,
                        -0.7071065902709961,
                        0,
                        -0.5755066871643066,
                        0.4108426868915558,
                        -0.7071069478988647,
                        0,
                        0.5810194611549377,
                        0.8138896226882935,
                        -1.1066902061429573e-8,
                        0,
                        -1.0901767015457153,
                        -0.4874853789806366,
                        0.25325366854667664,
                        1
                    ],
                    [
                        7,
                        0.6881036162376404,
                        -0.16283018887043,
                        -0.7071065306663513,
                        0,
                        -0.688103199005127,
                        0.16283006966114044,
                        -0.7071070075035095,
                        0,
                        0.23027656972408295,
                        0.9731252193450928,
                        -1.1066902061429573e-8,
                        0,
                        -1.0549328327178955,
                        -0.9572281241416931,
                        0.25325238704681396,
                        1
                    ],
                    [
                        7,
                        0.6688485145568848,
                        0.22942830622196198,
                        -0.7071100473403931,
                        0,
                        -0.6688554883003235,
                        -0.22942818701267242,
                        -0.7071034908294678,
                        0,
                        -0.32446053624153137,
                        0.945899486541748,
                        0.000001684669314272469,
                        0,
                        -0.5891872644424438,
                        -1.5034739971160889,
                        0.2532559335231781,
                        1
                    ]
                ],
                8,
                8,
                8,
                8,
                8,
                8,
                8,
                8,
                8,
                8,
                8,
                8,
                8,
                8,
                8,
                8,
                8,
                8,
                8,
                8,
                8,
                8,
                8,
                8,
                8,
                8,
                8,
                8,
                8,
                8,
                8,
                8,
                8,
                8,
                8,
                8,
                8,
                8
            ]
        ]
    ],
    0,
    0,
    [],
    [],
    []
]
