[
    1,
    0,
    0,
    [
        [
            "cc.Skeleton",
            [
                "_name",
                "_hash",
                "_joints",
                "_bindposes"
            ],
            0,
            12
        ]
    ],
    [
        [
            0,
            0,
            1,
            2,
            3,
            4
        ]
    ],
    [
        [
            0,
            "Skin-15",
            1728080913,
            [
                "Cizme/Circle021/Bone449",
                "Cizme/Circle021/Bone449/Bone450",
                "Cizme/Circle021/Bone449/Bone450/Bone451",
                "Cizme/Circle021/Bone449/Bone450/Bone451/Bone452"
            ],
            [
                [
                    [
                        7,
                        0.01297125406563282,
                        0.01464552991092205,
                        -0.9998089075088501,
                        0,
                        0.3530108332633972,
                        -0.9355742931365967,
                        -0.009124748408794403,
                        0,
                        -0.9355291724205017,
                        -0.3528248071670532,
                        -0.017305618152022362,
                        0,
                        0.3620266318321228,
                        0.10906045883893967,
                        0.0017672141548246145,
                        1
                    ],
                    [
                        7,
                        0.01922210492193699,
                        0.0036028705071657896,
                        -0.9998089075088501,
                        0,
                        -0.29531076550483704,
                        -0.9553574919700623,
                        -0.009120271541178226,
                        0,
                        -0.9552078247070312,
                        0.2954295575618744,
                        -0.017300022765994072,
                        0,
                        0.03641055151820183,
                        0.10981949418783188,
                        0.0017675567651167512,
                        1
                    ],
                    [
                        7,
                        0.014361245557665825,
                        -0.013292206451296806,
                        -0.9998089075088501,
                        0,
                        -0.9430699944496155,
                        -0.33246946334838867,
                        -0.009126151911914349,
                        0,
                        -0.3322845995426178,
                        0.943020224571228,
                        -0.017310163006186485,
                        0,
                        -0.11148601025342941,
                        0.3343411386013031,
                        0.0017627690685912967,
                        1
                    ],
                    [
                        7,
                        0.014358476735651493,
                        -0.013291961513459682,
                        -0.9998089075088501,
                        0,
                        -0.9430674910545349,
                        -0.33247485756874084,
                        -0.009123528376221657,
                        0,
                        -0.3322899043560028,
                        0.9430180788040161,
                        -0.017309069633483887,
                        0,
                        -0.5174857974052429,
                        0.3343345522880554,
                        0.0017669281223788857,
                        1
                    ]
                ],
                8,
                8,
                8,
                8
            ]
        ]
    ],
    0,
    0,
    [],
    [],
    []
]
