[
    1,
    0,
    0,
    [
        [
            "cc.Skeleton",
            [
                "_name",
                "_hash",
                "_joints",
                "_bindposes"
            ],
            0,
            12
        ]
    ],
    [
        [
            0,
            0,
            1,
            2,
            3,
            4
        ]
    ],
    [
        [
            0,
            "Skin-19",
            2844378765,
            [
                "Teretana/Bone375/Bone274_mirrored_001/Bone275_mirrored_001",
                "Teretana/Bone375/Bone274_mirrored_001",
                "Teretana/Bone375/Bone274_mirrored_001/Bone275_mirrored_001/Bone276_mirrored_001",
                "Teretana/Bone375/Bone274_mirrored_001/Bone275_mirrored_001/Bone276_mirrored_001/Bone277_mirrored_001",
                "Teretana/Bone375",
                "Teretana/Bone375/Bone376/Bone377",
                "Teretana/Bone375/Bone376",
                "Teretana/Bone375/Bone376/Bone377/Bone378"
            ],
            [
                [
                    [
                        7,
                        -0.974137008190155,
                        0.22595800459384918,
                        -0.0000011235199508519145,
                        0,
                        0.0000011232259566895664,
                        -1.298645884162397e-7,
                        -1,
                        0,
                        -0.22595800459384918,
                        -0.974137008190155,
                        -1.2729600484817638e-7,
                        0,
                        -0.4220876395702362,
                        0.21756377816200256,
                        0.0007875546580180526,
                        1
                    ],
                    [
                        7,
                        -0.9945859909057617,
                        0.10391300171613693,
                        -3.53838998989886e-7,
                        0,
                        3.5072400805802317e-7,
                        -4.8247386530420044e-8,
                        -1,
                        0,
                        -0.10391300171613693,
                        -0.9945859909057617,
                        1.1541399835834909e-8,
                        0,
                        0.01881248503923416,
                        0.16376625001430511,
                        0.0007878861506469548,
                        1
                    ],
                    [
                        7,
                        -0.9669250249862671,
                        0.2550620138645172,
                        1.5215699988857523e-7,
                        0,
                        -2.1735139910106227e-7,
                        -2.27416890652421e-7,
                        -1,
                        0,
                        -0.2550620138645172,
                        -0.9669250249862671,
                        2.7533300794857496e-7,
                        0,
                        -0.8429307341575623,
                        0.24293451011180878,
                        0.0007882724166847765,
                        1
                    ],
                    [
                        7,
                        -0.9669150114059448,
                        0.25509700179100037,
                        -4.664090056394343e-7,
                        0,
                        3.993028485638206e-7,
                        -3.1484751161769964e-7,
                        -1,
                        0,
                        -0.25509700179100037,
                        -0.9669150114059448,
                        2.0257000699075434e-7,
                        0,
                        -1.2305721044540405,
                        0.2429821640253067,
                        0.0007896916940808296,
                        1
                    ],
                    [
                        7,
                        0.9945859909057617,
                        0.10391200333833694,
                        -1.4334499809365298e-8,
                        0,
                        1.4901125666710868e-8,
                        -2.80573345889934e-7,
                        -1,
                        0,
                        -0.10391200333833694,
                        0.9945859909057617,
                        -2.806029897328699e-7,
                        0,
                        0.015445136465132236,
                        -0.16411839425563812,
                        0.0007878847536630929,
                        1
                    ],
                    [
                        7,
                        0.9669250249862671,
                        0.25506100058555603,
                        3.073909837780775e-8,
                        0,
                        1.043257071842163e-7,
                        -2.7497748078531004e-7,
                        -1,
                        0,
                        -0.25506100058555603,
                        0.9669250249862671,
                        -2.924919897395739e-7,
                        0,
                        -0.8461979627609253,
                        -0.24379804730415344,
                        0.000787840283010155,
                        1
                    ],
                    [
                        7,
                        0.974137008190155,
                        0.22595800459384918,
                        2.8122800088681288e-8,
                        0,
                        9.302518577669616e-8,
                        -2.7658450107992394e-7,
                        -1,
                        0,
                        -0.22595800459384918,
                        0.974137008190155,
                        -2.9045099836366717e-7,
                        0,
                        -0.42539262771606445,
                        -0.2183302789926529,
                        0.0007878657779656351,
                        1
                    ],
                    [
                        7,
                        0.9669259190559387,
                        0.25505900382995605,
                        -1.433440388609597e-8,
                        0,
                        5.7710085599183e-8,
                        -2.749781913280458e-7,
                        -1,
                        0,
                        -0.25505924224853516,
                        0.9669250249862671,
                        -2.8060301815457933e-7,
                        0,
                        -1.2338556051254272,
                        -0.2437976747751236,
                        0.000789694779086858,
                        1
                    ]
                ],
                8,
                8,
                8,
                8,
                8,
                8,
                8,
                8
            ]
        ]
    ],
    0,
    0,
    [],
    [],
    []
]
