[
    1,
    0,
    0,
    [
        [
            "cc.Skeleton",
            [
                "_name",
                "_hash",
                "_joints",
                "_bindposes"
            ],
            0,
            12
        ]
    ],
    [
        [
            0,
            0,
            1,
            2,
            3,
            4
        ]
    ],
    [
        [
            0,
            "Skin-1",
            115943080,
            [
                "Animirani_objekti/Group049/Bone336",
                "Animirani_objekti/Group049/Bone370",
                "Animirani_objekti/Group049/Bone370/Bone371",
                "Animirani_objekti/Group049/Bone370/Bone371/Bone372",
                "Animirani_objekti/Group049/Bone370/Bone371/Bone372/Bone373",
                "Animirani_objekti/Group049/Bone343/Bone344/Bone345/Bone346/Bone347",
                "Animirani_objekti/Group049/Bone343/Bone344/Bone345/Bone346",
                "Animirani_objekti/Group049/Bone343/Bone344/Bone345/Bone346/Bone347/Bone348",
                "Animirani_objekti/Group049/Bone343/Bone344/Bone345",
                "Animirani_objekti/Group049/Bone343/Bone344",
                "Animirani_objekti/Group049/Bone343",
                "Animirani_objekti/Group049/Bone329/Bone330/Bone331/Bone332",
                "Animirani_objekti/Group049/Bone329/Bone330/Bone331/Bone332/Bone333",
                "Animirani_objekti/Group049/Bone329/Bone330/Bone331/Bone332/Bone333/Bone334",
                "Animirani_objekti/Group049/Bone329/Bone330/Bone331",
                "Animirani_objekti/Group049/Bone329/Bone330",
                "Animirani_objekti/Group049/Bone329",
                "Animirani_objekti/Group049/Bone355",
                "Animirani_objekti/Group049/Bone355/Bone356",
                "Animirani_objekti/Group049/Bone355/Bone356/Bone357",
                "Animirani_objekti/Group049/Bone355/Bone356/Bone357/Bone358",
                "Animirani_objekti/Group049/Bone365",
                "Animirani_objekti/Group049/Bone365/Bone366",
                "Animirani_objekti/Group049/Bone365/Bone366/Bone367",
                "Animirani_objekti/Group049/Bone365/Bone366/Bone367/Bone368",
                "Animirani_objekti/Group049/Bone350",
                "Animirani_objekti/Group049/Bone350/Bone351",
                "Animirani_objekti/Group049/Bone350/Bone351/Bone352",
                "Animirani_objekti/Group049/Bone350/Bone351/Bone352/Bone353",
                "Animirani_objekti/Group049/Bone360",
                "Animirani_objekti/Group049/Bone360/Bone361",
                "Animirani_objekti/Group049/Bone360/Bone361/Bone362",
                "Animirani_objekti/Group049/Bone360/Bone361/Bone362/Bone363"
            ],
            [
                [
                    [
                        7,
                        -0.0801624059677124,
                        -0.9967813491821289,
                        0.0000015836619695619447,
                        0,
                        -0.0000026110719772987068,
                        -0.0000013787882835458731,
                        -1.0000001192092896,
                        0,
                        0.9967813491821289,
                        -0.0801624208688736,
                        -0.0000024921441763581242,
                        0,
                        -0.7776622772216797,
                        0.4537155330181122,
                        0.20118407905101776,
                        1
                    ],
                    [
                        7,
                        -0.09350905567407608,
                        0.31701430678367615,
                        0.9437995553016663,
                        0,
                        0.23248499631881714,
                        -0.9147943258285522,
                        0.33030563592910767,
                        0,
                        0.9680945873260498,
                        0.25030583143234253,
                        0.01184047944843769,
                        0,
                        -0.8540256023406982,
                        0.12392700463533401,
                        -0.21709349751472473,
                        1
                    ],
                    [
                        7,
                        -0.2953370213508606,
                        0.17824119329452515,
                        0.9386193156242371,
                        0,
                        0.768491268157959,
                        -0.5393754243850708,
                        0.3442319333553314,
                        0,
                        0.5676247477531433,
                        0.8229848742485046,
                        0.022320734336972237,
                        0,
                        -0.9049832224845886,
                        -0.6233242154121399,
                        -0.23370468616485596,
                        1
                    ],
                    [
                        7,
                        -0.36081284284591675,
                        0.06382106989622116,
                        0.9304516315460205,
                        0,
                        0.9010186195373535,
                        -0.23372265696525574,
                        0.36543020606040955,
                        0,
                        0.24079006910324097,
                        0.970206081867218,
                        0.02682616375386715,
                        0,
                        -0.8536341190338135,
                        -0.9896410703659058,
                        -0.2524281144142151,
                        1
                    ],
                    [
                        7,
                        -0.3431950509548187,
                        -0.14773119986057281,
                        0.927573025226593,
                        0,
                        0.8829454183578491,
                        0.2860793173313141,
                        0.37224525213241577,
                        0,
                        -0.3203519284725189,
                        0.9467496871948242,
                        0.03225754201412201,
                        0,
                        -0.3868827521800995,
                        -1.4215086698532104,
                        -0.2651599943637848,
                        1
                    ],
                    [
                        7,
                        0.803975522518158,
                        0.28594571352005005,
                        -0.5214011073112488,
                        0,
                        -0.49125415086746216,
                        -0.17472407221794128,
                        -0.8533120155334473,
                        0,
                        -0.33510228991508484,
                        0.9421819448471069,
                        -0.000001853807361840154,
                        0,
                        0.1846596747636795,
                        -1.506699800491333,
                        0.16927792131900787,
                        1
                    ],
                    [
                        7,
                        0.8068259358406067,
                        -0.2777770459651947,
                        -0.5214138031005859,
                        0,
                        -0.49301451444625854,
                        0.16973301768302917,
                        -0.8533037900924683,
                        0,
                        0.3255297541618347,
                        0.9455314874649048,
                        -0.000003114581659247051,
                        0,
                        -0.6413792967796326,
                        -1.293051838874817,
                        0.16928154230117798,
                        1
                    ],
                    [
                        7,
                        0.6963455677032471,
                        0.49320903420448303,
                        -0.5213900208473206,
                        0,
                        -0.42548632621765137,
                        -0.30134496092796326,
                        -0.8533186316490173,
                        0,
                        -0.5779828429222107,
                        0.816048800945282,
                        0.000013458273315336555,
                        0,
                        0.48686033487319946,
                        -1.4287645816802979,
                        0.16925100982189178,
                        1
                    ],
                    [
                        7,
                        0.2895115613937378,
                        -0.8026944398880005,
                        -0.5214059948921204,
                        0,
                        -0.17690369486808777,
                        0.49047860503196716,
                        -0.8533084988594055,
                        0,
                        0.9406847953796387,
                        0.3392814099788666,
                        -3.941526642847748e-7,
                        0,
                        -1.2164945602416992,
                        -0.3111317753791809,
                        0.16927462816238403,
                        1
                    ],
                    [
                        7,
                        -0.5018354058265686,
                        -0.6901431679725647,
                        -0.5214052200317383,
                        0,
                        0.3066405653953552,
                        0.4217046797275543,
                        -0.8533092737197876,
                        0,
                        0.8087846636772156,
                        -0.5881048440933228,
                        -4.4125238218839513e-7,
                        0,
                        -0.5516594052314758,
                        0.8321630954742432,
                        0.16927772760391235,
                        1
                    ],
                    [
                        7,
                        -0.08583991229534149,
                        -0.8489805459976196,
                        -0.5214048027992249,
                        0,
                        0.052463699132204056,
                        0.518758237361908,
                        -0.8533098101615906,
                        0,
                        0.9949267506599426,
                        -0.10060279816389084,
                        0.000010497745279280934,
                        0,
                        -0.7711006999015808,
                        0.44078734517097473,
                        0.1692686229944229,
                        1
                    ],
                    [
                        7,
                        0.726267397403717,
                        -0.2436377853155136,
                        0.6427874565124512,
                        0,
                        0.6094108819961548,
                        -0.2044369876384735,
                        -0.7660437822341919,
                        0,
                        0.3180469870567322,
                        0.9480748772621155,
                        -3.891632331942674e-7,
                        0,
                        -0.48543694615364075,
                        -1.5181279182434082,
                        0.22999116778373718,
                        1
                    ],
                    [
                        7,
                        0.723713219165802,
                        0.25115856528282166,
                        0.6427741646766663,
                        0,
                        0.6072431802749634,
                        0.2107476145029068,
                        -0.7660555839538574,
                        0,
                        -0.32786449790000916,
                        0.9447253346443176,
                        0.00000650284755465691,
                        0,
                        0.3910028636455536,
                        -1.6162766218185425,
                        0.22998419404029846,
                        1
                    ],
                    [
                        7,
                        0.6230607628822327,
                        0.4456651210784912,
                        0.6427881121635437,
                        0,
                        0.5228090286254883,
                        0.3739616870880127,
                        -0.7660431265830994,
                        0,
                        -0.5817767381668091,
                        0.8133481740951538,
                        0.0000031134857181314146,
                        0,
                        0.705032467842102,
                        -1.4778790473937988,
                        0.22998285293579102,
                        1
                    ],
                    [
                        7,
                        0.262056440114975,
                        -0.7198262810707092,
                        0.6427874565124512,
                        0,
                        0.21989251673221588,
                        -0.6040059924125671,
                        -0.7660437822341919,
                        0,
                        0.939666748046875,
                        0.34209105372428894,
                        7.468105422958615e-7,
                        0,
                        -1.247115135192871,
                        -0.5664216876029968,
                        0.2299891859292984,
                        1
                    ],
                    [
                        7,
                        -0.45211073756217957,
                        -0.6184007525444031,
                        0.6427876949310303,
                        0,
                        -0.3793679475784302,
                        -0.5188993811607361,
                        -0.7660435438156128,
                        0,
                        0.8072645664215088,
                        -0.590190052986145,
                        -0.000001446616010980506,
                        0,
                        -0.6691862940788269,
                        0.720707893371582,
                        0.22999189794063568,
                        1
                    ],
                    [
                        7,
                        -0.04282292351126671,
                        -0.7648457884788513,
                        0.6427887678146362,
                        0,
                        -0.03592599928379059,
                        -0.6417837738990784,
                        -0.7660439610481262,
                        0,
                        0.998436689376831,
                        -0.055897049605846405,
                        0.0000052090708777541295,
                        0,
                        -0.7861286997795105,
                        0.24030068516731262,
                        0.2299882173538208,
                        1
                    ],
                    [
                        7,
                        0.15064886212348938,
                        -0.5534372925758362,
                        0.8191538453102112,
                        0,
                        0.21516281366348267,
                        -0.7903910875320435,
                        -0.5735746026039124,
                        0,
                        0.9648886322975159,
                        0.26265987753868103,
                        0.000007610709417349426,
                        0,
                        -0.8810593485832214,
                        0.19721396267414093,
                        -0.14119629561901093,
                        1
                    ],
                    [
                        7,
                        0.4667613208293915,
                        -0.3333473205566406,
                        0.8191538453102112,
                        0,
                        0.6666117310523987,
                        -0.4760701060295105,
                        -0.573573112487793,
                        0,
                        0.5811737179756165,
                        0.8137801289558411,
                        0.0000021161220047360985,
                        0,
                        -1.0103243589401245,
                        -0.5705203413963318,
                        -0.1411920040845871,
                        1
                    ],
                    [
                        7,
                        0.5574739575386047,
                        -0.13494259119033813,
                        0.8191538453102112,
                        0,
                        0.7961620092391968,
                        -0.1927177757024765,
                        -0.5735731720924377,
                        0,
                        0.2352650761604309,
                        0.9719316959381104,
                        0.0000010282326456945157,
                        0,
                        -0.9789679050445557,
                        -1.0090341567993164,
                        -0.14118531346321106,
                        1
                    ],
                    [
                        7,
                        0.5431885719299316,
                        0.1842218041419983,
                        0.8191508650779724,
                        0,
                        0.7757508754730225,
                        0.2630953788757324,
                        -0.5735775828361511,
                        0,
                        -0.32118043303489685,
                        0.9470180869102478,
                        1.7048952827281028e-7,
                        0,
                        -0.5179286599159241,
                        -1.5222368240356445,
                        -0.14118064939975739,
                        1
                    ],
                    [
                        7,
                        0.025190498679876328,
                        -0.09405717253684998,
                        -0.9952475428581238,
                        0,
                        -0.25743937492370605,
                        0.9613754749298096,
                        -0.09737203270196915,
                        0,
                        0.9659664630889893,
                        0.2586687207221985,
                        0.000003506374696371495,
                        0,
                        -0.8156295418739319,
                        -0.05562819167971611,
                        0.33831334114074707,
                        1
                    ],
                    [
                        7,
                        0.07911144942045212,
                        -0.05675119161605835,
                        -0.9952490329742432,
                        0,
                        -0.8087279200553894,
                        0.5800692439079285,
                        -0.09736176580190659,
                        0,
                        0.5828389525413513,
                        0.812588095664978,
                        -0.000006151320576464059,
                        0,
                        -0.7878138422966003,
                        -0.7181172966957092,
                        0.33832454681396484,
                        1
                    ],
                    [
                        7,
                        0.09473917633295059,
                        -0.022503847256302834,
                        -0.9952475428581238,
                        0,
                        -0.9683046340942383,
                        0.23000645637512207,
                        -0.09737526625394821,
                        0,
                        0.23110467195510864,
                        0.9729287028312683,
                        4.3039836583602664e-8,
                        0,
                        -0.7056645154953003,
                        -1.0653167963027954,
                        0.338302344083786,
                        1
                    ],
                    [
                        7,
                        0.09219539165496826,
                        0.03137705475091934,
                        -0.9952460527420044,
                        0,
                        -0.9421553015708923,
                        -0.32071653008461,
                        -0.09738840162754059,
                        0,
                        -0.32224783301353455,
                        0.9466553926467896,
                        -0.000006524022410303587,
                        0,
                        -0.252130925655365,
                        -1.4169310331344604,
                        0.33831295371055603,
                        1
                    ],
                    [
                        7,
                        0.2569093406200409,
                        -0.9664356708526611,
                        3.597371289743023e-7,
                        0,
                        -5.484629355123616e-7,
                        -5.180299922358245e-7,
                        -1.0000001192092896,
                        0,
                        0.9664350748062134,
                        0.2569095492362976,
                        -6.631412361457478e-7,
                        0,
                        -0.9202316999435425,
                        0.35423415899276733,
                        0.04285455495119095,
                        1
                    ],
                    [
                        7,
                        0.8117561340332031,
                        -0.5839959979057312,
                        -0.0000014874958651489578,
                        0,
                        -0.0000019864967271132628,
                        -2.1413725903585146e-7,
                        -1.0000001192092896,
                        0,
                        0.5839964151382446,
                        0.8117557168006897,
                        -0.0000013339347333385376,
                        0,
                        -1.120447039604187,
                        -0.46145549416542053,
                        0.0428532175719738,
                        1
                    ],
                    [
                        7,
                        0.9729139804840088,
                        -0.23116882145404816,
                        2.5407066672755718e-8,
                        0,
                        -9.720915983280065e-8,
                        -5.190285605749523e-7,
                        -1.0000001192092896,
                        0,
                        0.23116886615753174,
                        0.9729140400886536,
                        -5.274416707834462e-7,
                        0,
                        -1.0916697978973389,
                        -0.9481533765792847,
                        0.04285141080617905,
                        1
                    ],
                    [
                        7,
                        0.9497169256210327,
                        0.3131076395511627,
                        -8.757099578815541e-8,
                        0,
                        5.405324543517054e-8,
                        -4.4363764573063236e-7,
                        -1.0000001192092896,
                        0,
                        -0.313107430934906,
                        0.94971764087677,
                        -4.38255113976993e-7,
                        0,
                        -0.6371661424636841,
                        -1.5055245161056519,
                        0.042853355407714844,
                        1
                    ],
                    [
                        7,
                        0.17901834845542908,
                        -0.684069812297821,
                        -0.7071070671081543,
                        0,
                        -0.17902396619319916,
                        0.6840692758560181,
                        -0.7071061134338379,
                        0,
                        0.9674205183982849,
                        0.25317418575286865,
                        -0.0000039453288991353475,
                        0,
                        -0.9139481782913208,
                        0.3235532343387604,
                        0.2532585859298706,
                        1
                    ],
                    [
                        7,
                        0.5755034685134888,
                        -0.41084548830986023,
                        -0.7071077227592468,
                        0,
                        -0.5755065679550171,
                        0.4108451306819916,
                        -0.7071054577827454,
                        0,
                        0.5810230374336243,
                        0.8138870596885681,
                        -0.0000014911664720784756,
                        0,
                        -1.0901780128479004,
                        -0.48747968673706055,
                        0.2532566487789154,
                        1
                    ],
                    [
                        7,
                        0.688105583190918,
                        -0.16282802820205688,
                        -0.7071048021316528,
                        0,
                        -0.6881019473075867,
                        0.16282780468463898,
                        -0.7071083784103394,
                        0,
                        0.23027347028255463,
                        0.9731258153915405,
                        4.3493912471603835e-7,
                        0,
                        -1.0549304485321045,
                        -0.9572309255599976,
                        0.25325074791908264,
                        1
                    ],
                    [
                        7,
                        0.66884845495224,
                        0.2294282615184784,
                        -0.707109808921814,
                        0,
                        -0.6688553094863892,
                        -0.22942817211151123,
                        -0.7071033716201782,
                        0,
                        -0.32446053624153137,
                        0.945899486541748,
                        0.000001632269004403497,
                        0,
                        -0.5891870856285095,
                        -1.5034737586975098,
                        0.25325754284858704,
                        1
                    ]
                ],
                8,
                8,
                8,
                8,
                8,
                8,
                8,
                8,
                8,
                8,
                8,
                8,
                8,
                8,
                8,
                8,
                8,
                8,
                8,
                8,
                8,
                8,
                8,
                8,
                8,
                8,
                8,
                8,
                8,
                8,
                8,
                8,
                8
            ]
        ]
    ],
    0,
    0,
    [],
    [],
    []
]
