[
    1,
    0,
    0,
    [
        [
            "cc.Skeleton",
            [
                "_name",
                "_hash",
                "_joints",
                "_bindposes"
            ],
            0,
            12
        ]
    ],
    [
        [
            0,
            0,
            1,
            2,
            3,
            4
        ]
    ],
    [
        [
            0,
            "Skin-1",
            1565258400,
            [
                "Animirani_objekti/Group049/Bone336",
                "Animirani_objekti/Group049/Bone370",
                "Animirani_objekti/Group049/Bone370/Bone371",
                "Animirani_objekti/Group049/Bone370/Bone371/Bone372",
                "Animirani_objekti/Group049/Bone370/Bone371/Bone372/Bone373",
                "Animirani_objekti/Group049/Bone343/Bone344/Bone345/Bone346/Bone347",
                "Animirani_objekti/Group049/Bone343/Bone344/Bone345/Bone346",
                "Animirani_objekti/Group049/Bone343/Bone344/Bone345/Bone346/Bone347/Bone348",
                "Animirani_objekti/Group049/Bone343/Bone344/Bone345",
                "Animirani_objekti/Group049/Bone343/Bone344",
                "Animirani_objekti/Group049/Bone343",
                "Animirani_objekti/Group049/Bone329/Bone330/Bone331/Bone332",
                "Animirani_objekti/Group049/Bone329/Bone330/Bone331/Bone332/Bone333",
                "Animirani_objekti/Group049/Bone329/Bone330/Bone331/Bone332/Bone333/Bone334",
                "Animirani_objekti/Group049/Bone329/Bone330/Bone331",
                "Animirani_objekti/Group049/Bone329/Bone330",
                "Animirani_objekti/Group049/Bone329",
                "Animirani_objekti/Group049/Bone355",
                "Animirani_objekti/Group049/Bone355/Bone356",
                "Animirani_objekti/Group049/Bone355/Bone356/Bone357",
                "Animirani_objekti/Group049/Bone355/Bone356/Bone357/Bone358",
                "Animirani_objekti/Group049/Bone365",
                "Animirani_objekti/Group049/Bone365/Bone366",
                "Animirani_objekti/Group049/Bone365/Bone366/Bone367",
                "Animirani_objekti/Group049/Bone365/Bone366/Bone367/Bone368",
                "Animirani_objekti/Group049/Bone350",
                "Animirani_objekti/Group049/Bone350/Bone351",
                "Animirani_objekti/Group049/Bone350/Bone351/Bone352",
                "Animirani_objekti/Group049/Bone350/Bone351/Bone352/Bone353",
                "Animirani_objekti/Group049/Bone360",
                "Animirani_objekti/Group049/Bone360/Bone361",
                "Animirani_objekti/Group049/Bone360/Bone361/Bone362",
                "Animirani_objekti/Group049/Bone360/Bone361/Bone362/Bone363"
            ],
            [
                [
                    [
                        7,
                        -0.0801624059677124,
                        -0.9967813491821289,
                        0.0000015836619695619447,
                        0,
                        -0.0000025705783173179952,
                        -0.0000013820448430124088,
                        -1.0000001192092896,
                        0,
                        0.9967813491821289,
                        -0.0801624208688736,
                        -0.0000024515195491403574,
                        0,
                        -0.7776622176170349,
                        0.4537216126918793,
                        0.2011900693178177,
                        1
                    ],
                    [
                        7,
                        -0.09350857883691788,
                        0.31701433658599854,
                        0.943799614906311,
                        0,
                        0.23248517513275146,
                        -0.9147943258285522,
                        0.3303055167198181,
                        0,
                        0.9680946469306946,
                        0.25030583143234253,
                        0.011839985847473145,
                        0,
                        -0.8540250658988953,
                        0.12392927706241608,
                        -0.21708941459655762,
                        1
                    ],
                    [
                        7,
                        -0.2953364849090576,
                        0.17824190855026245,
                        0.9386193156242371,
                        0,
                        0.7684919834136963,
                        -0.5393746495246887,
                        0.34423184394836426,
                        0,
                        0.5676246881484985,
                        0.8229848742485046,
                        0.022319532930850983,
                        0,
                        -0.9049851298332214,
                        -0.623323917388916,
                        -0.2337009310722351,
                        1
                    ],
                    [
                        7,
                        -0.3608129620552063,
                        0.06382059305906296,
                        0.9304516315460205,
                        0,
                        0.9010185599327087,
                        -0.23372285068035126,
                        0.36543020606040955,
                        0,
                        0.24079005420207977,
                        0.9702060222625732,
                        0.02682669460773468,
                        0,
                        -0.8536266088485718,
                        -0.9896482229232788,
                        -0.2524334788322449,
                        1
                    ],
                    [
                        7,
                        -0.343195378780365,
                        -0.14773355424404144,
                        0.9275721907615662,
                        0,
                        0.8829455375671387,
                        0.2860775589942932,
                        0.3722461462020874,
                        0,
                        -0.320351243019104,
                        0.9467496871948242,
                        0.03226012736558914,
                        0,
                        -0.3868761956691742,
                        -1.4215056896209717,
                        -0.26516661047935486,
                        1
                    ],
                    [
                        7,
                        0.8039756417274475,
                        0.28594258427619934,
                        -0.5214020013809204,
                        0,
                        -0.49125388264656067,
                        -0.17472735047340393,
                        -0.8533111810684204,
                        0,
                        -0.33510130643844604,
                        0.9421819448471069,
                        -0.000006125298568804283,
                        0,
                        0.18466296792030334,
                        -1.5067001581192017,
                        0.16928745806217194,
                        1
                    ],
                    [
                        7,
                        0.8068259358406067,
                        -0.2777746915817261,
                        -0.5214144587516785,
                        0,
                        -0.4930144250392914,
                        0.1697353571653366,
                        -0.853303074836731,
                        0,
                        0.32552891969680786,
                        0.9455314874649048,
                        -4.030486522310639e-8,
                        0,
                        -0.6413713693618774,
                        -1.2930508852005005,
                        0.16927991807460785,
                        1
                    ],
                    [
                        7,
                        0.6963459253311157,
                        0.4932085871696472,
                        -0.5213900208473206,
                        0,
                        -0.4254858195781708,
                        -0.30134570598602295,
                        -0.8533186316490173,
                        0,
                        -0.5779828429222107,
                        0.816048800945282,
                        0.000012400982996041421,
                        0,
                        0.4868655204772949,
                        -1.4287669658660889,
                        0.1692579984664917,
                        1
                    ],
                    [
                        7,
                        0.2895113527774811,
                        -0.8026944398880005,
                        -0.5214061141014099,
                        0,
                        -0.17690397799015045,
                        0.49047863483428955,
                        -0.853308379650116,
                        0,
                        0.9406847357749939,
                        0.3392814099788666,
                        -7.094236593729875e-7,
                        0,
                        -1.2164969444274902,
                        -0.3111323416233063,
                        0.16927900910377502,
                        1
                    ],
                    [
                        7,
                        -0.5018352270126343,
                        -0.6901428699493408,
                        -0.5214056968688965,
                        0,
                        0.30664071440696716,
                        0.4217051863670349,
                        -0.853308916091919,
                        0,
                        0.808784544467926,
                        -0.5881048440933228,
                        -6.007109050187864e-7,
                        0,
                        -0.5516640543937683,
                        0.8321607708930969,
                        0.1692824363708496,
                        1
                    ],
                    [
                        7,
                        -0.08583993464708328,
                        -0.8489805459976196,
                        -0.5214048027992249,
                        0,
                        0.05246366560459137,
                        0.518758237361908,
                        -0.8533098101615906,
                        0,
                        0.9949267506599426,
                        -0.10060279816389084,
                        0.000010460116754984483,
                        0,
                        -0.771099865436554,
                        0.44078677892684937,
                        0.16927367448806763,
                        1
                    ],
                    [
                        7,
                        0.726267397403717,
                        -0.24363768100738525,
                        0.6427874565124512,
                        0,
                        0.6094108819961548,
                        -0.20443710684776306,
                        -0.7660437822341919,
                        0,
                        0.3180469870567322,
                        0.9480748772621155,
                        -5.655699624185218e-7,
                        0,
                        -0.4854508936405182,
                        -1.518126368522644,
                        0.22999371588230133,
                        1
                    ],
                    [
                        7,
                        0.7237131595611572,
                        0.25115859508514404,
                        0.6427741646766663,
                        0,
                        0.6072431802749634,
                        0.2107475996017456,
                        -0.7660555839538574,
                        0,
                        -0.32786449790000916,
                        0.9447253346443176,
                        0.000006460729764512507,
                        0,
                        0.390999972820282,
                        -1.6162782907485962,
                        0.22998595237731934,
                        1
                    ],
                    [
                        7,
                        0.6230607628822327,
                        0.4456651210784912,
                        0.6427881121635437,
                        0,
                        0.5228090286254883,
                        0.3739616572856903,
                        -0.7660431265830994,
                        0,
                        -0.5817767977714539,
                        0.8133481740951538,
                        0.0000030900544061296387,
                        0,
                        0.7050304412841797,
                        -1.4778813123703003,
                        0.22998455166816711,
                        1
                    ],
                    [
                        7,
                        0.262056440114975,
                        -0.7198262810707092,
                        0.6427874565124512,
                        0,
                        0.21989253163337708,
                        -0.6040059924125671,
                        -0.7660437822341919,
                        0,
                        0.939666748046875,
                        0.34209105372428894,
                        7.703623055022035e-7,
                        0,
                        -1.2470964193344116,
                        -0.5664168000221252,
                        0.2299903780221939,
                        1
                    ],
                    [
                        7,
                        -0.45211073756217957,
                        -0.6184007525444031,
                        0.6427876949310303,
                        0,
                        -0.3793679475784302,
                        -0.5188994407653809,
                        -0.7660435438156128,
                        0,
                        0.8072645664215088,
                        -0.590190052986145,
                        -0.0000014187291981215822,
                        0,
                        -0.6691783666610718,
                        0.7207108736038208,
                        0.22999395430088043,
                        1
                    ],
                    [
                        7,
                        -0.04282292351126671,
                        -0.7648457884788513,
                        0.6427887678146362,
                        0,
                        -0.03592599928379059,
                        -0.6417837738990784,
                        -0.7660439610481262,
                        0,
                        0.998436689376831,
                        -0.055897049605846405,
                        0.000005209123173699481,
                        0,
                        -0.7861279249191284,
                        0.24030523002147675,
                        0.22999002039432526,
                        1
                    ],
                    [
                        7,
                        0.15064886212348938,
                        -0.5534372925758362,
                        0.8191538453102112,
                        0,
                        0.21516281366348267,
                        -0.7903910875320435,
                        -0.5735746026039124,
                        0,
                        0.9648886322975159,
                        0.26265987753868103,
                        0.0000076068827183917165,
                        0,
                        -0.881048858165741,
                        0.1972160041332245,
                        -0.14119559526443481,
                        1
                    ],
                    [
                        7,
                        0.46676141023635864,
                        -0.3333471715450287,
                        0.8191538453102112,
                        0,
                        0.6666116118431091,
                        -0.47607022523880005,
                        -0.573573112487793,
                        0,
                        0.5811737179756165,
                        0.8137801289558411,
                        0.0000018991086108144373,
                        0,
                        -1.010319471359253,
                        -0.5705176591873169,
                        -0.14118988811969757,
                        1
                    ],
                    [
                        7,
                        0.55747389793396,
                        -0.13494275510311127,
                        0.8191538453102112,
                        0,
                        0.7961620092391968,
                        -0.19271761178970337,
                        -0.5735731720924377,
                        0,
                        0.23526504635810852,
                        0.9719316959381104,
                        0.000001261370130123396,
                        0,
                        -0.9789760112762451,
                        -1.009033441543579,
                        -0.1411854475736618,
                        1
                    ],
                    [
                        7,
                        0.5431885123252869,
                        0.18422196805477142,
                        0.8191508650779724,
                        0,
                        0.7757509350776672,
                        0.2630952000617981,
                        -0.5735775828361511,
                        0,
                        -0.32118040323257446,
                        0.9470180869102478,
                        -6.153879184012112e-8,
                        0,
                        -0.5179320573806763,
                        -1.52223801612854,
                        -0.1411803811788559,
                        1
                    ],
                    [
                        7,
                        0.025190724059939384,
                        -0.0940571129322052,
                        -0.9952475428581238,
                        0,
                        -0.25743934512138367,
                        0.9613754749298096,
                        -0.09737203270196915,
                        0,
                        0.9659664630889893,
                        0.2586687207221985,
                        0.000003741263299161801,
                        0,
                        -0.8156241178512573,
                        -0.05563418194651604,
                        0.33832234144210815,
                        1
                    ],
                    [
                        7,
                        0.07911169528961182,
                        -0.05675085633993149,
                        -0.9952490329742432,
                        0,
                        -0.8087279200553894,
                        0.5800693035125732,
                        -0.09736176580190659,
                        0,
                        0.5828389525413513,
                        0.812588095664978,
                        -0.00000573705619899556,
                        0,
                        -0.7878063321113586,
                        -0.7181161046028137,
                        0.33832892775535583,
                        1
                    ],
                    [
                        7,
                        0.09473887085914612,
                        -0.022504666820168495,
                        -0.9952475428581238,
                        0,
                        -0.9683045148849487,
                        0.2300063818693161,
                        -0.09737516939640045,
                        0,
                        0.23110462725162506,
                        0.9729287028312683,
                        -8.250877385762578e-7,
                        0,
                        -0.7056604623794556,
                        -1.0653258562088013,
                        0.3383036255836487,
                        1
                    ],
                    [
                        7,
                        0.09219598770141602,
                        0.03137523680925369,
                        -0.9952460527420044,
                        0,
                        -0.9421553015708923,
                        -0.3207165598869324,
                        -0.0973883792757988,
                        0,
                        -0.322247713804245,
                        0.9466553926467896,
                        -0.000008433104994765017,
                        0,
                        -0.25212007761001587,
                        -1.4169307947158813,
                        0.33832302689552307,
                        1
                    ],
                    [
                        7,
                        0.2569092810153961,
                        -0.9664356708526611,
                        1.7578611277713208e-7,
                        0,
                        -8.687846388966136e-7,
                        -4.12842155128601e-7,
                        -1.0000001192092896,
                        0,
                        0.966434895992279,
                        0.2569095492362976,
                        -9.456881002734008e-7,
                        0,
                        -0.9202280044555664,
                        0.3542477786540985,
                        0.042863402515649796,
                        1
                    ],
                    [
                        7,
                        0.8117561340332031,
                        -0.5839959979057312,
                        -0.0000014874958651489578,
                        0,
                        -0.000001966721129065263,
                        -1.8664914591681736e-7,
                        -1.0000001192092896,
                        0,
                        0.5839964151382446,
                        0.8117557168006897,
                        -0.0000013000721992284525,
                        0,
                        -1.120442271232605,
                        -0.461462140083313,
                        0.04285726696252823,
                        1
                    ],
                    [
                        7,
                        0.9729139804840088,
                        -0.23116882145404816,
                        2.540708976539463e-8,
                        0,
                        -2.2080361361531686e-7,
                        -0.0000010391972864454146,
                        -1.0000001192092896,
                        0,
                        0.23116886615753174,
                        0.9729140400886536,
                        -0.0000010620919965731446,
                        0,
                        -1.091678261756897,
                        -0.9481523036956787,
                        0.0428566113114357,
                        1
                    ],
                    [
                        7,
                        0.9497171640396118,
                        0.313106894493103,
                        -2.9895747388763994e-7,
                        0,
                        4.6988790813884407e-7,
                        -0.000002380076239205664,
                        -1.0000001192092896,
                        0,
                        -0.3131067752838135,
                        0.94971764087677,
                        -0.0000024075275177892763,
                        0,
                        -0.6371610164642334,
                        -1.5055243968963623,
                        0.042858872562646866,
                        1
                    ],
                    [
                        7,
                        0.17901834845542908,
                        -0.684069812297821,
                        -0.7071070671081543,
                        0,
                        -0.17902396619319916,
                        0.6840692758560181,
                        -0.7071061134338379,
                        0,
                        0.9674205183982849,
                        0.25317418575286865,
                        -0.0000039453288991353475,
                        0,
                        -0.9139478206634521,
                        0.32355189323425293,
                        0.25326305627822876,
                        1
                    ],
                    [
                        7,
                        0.5755034685134888,
                        -0.41084548830986023,
                        -0.7071077227592468,
                        0,
                        -0.5755065679550171,
                        0.4108451306819916,
                        -0.7071054577827454,
                        0,
                        0.5810230374336243,
                        0.8138870596885681,
                        -0.0000014911552170815412,
                        0,
                        -1.0901768207550049,
                        -0.487480491399765,
                        0.25326108932495117,
                        1
                    ],
                    [
                        7,
                        0.688105583190918,
                        -0.16282802820205688,
                        -0.7071048021316528,
                        0,
                        -0.6881019473075867,
                        0.16282780468463898,
                        -0.7071083784103394,
                        0,
                        0.23027347028255463,
                        0.9731258153915405,
                        4.3491377255122643e-7,
                        0,
                        -1.0549290180206299,
                        -0.9572312235832214,
                        0.2532551884651184,
                        1
                    ],
                    [
                        7,
                        0.66884845495224,
                        0.2294282615184784,
                        -0.707109808921814,
                        0,
                        -0.6688553094863892,
                        -0.22942817211151123,
                        -0.7071033716201782,
                        0,
                        -0.32446053624153137,
                        0.945899486541748,
                        0.0000016322982219207915,
                        0,
                        -0.5891857147216797,
                        -1.5034732818603516,
                        0.2532619833946228,
                        1
                    ]
                ],
                8,
                8,
                8,
                8,
                8,
                8,
                8,
                8,
                8,
                8,
                8,
                8,
                8,
                8,
                8,
                8,
                8,
                8,
                8,
                8,
                8,
                8,
                8,
                8,
                8,
                8,
                8,
                8,
                8,
                8,
                8,
                8,
                8
            ]
        ]
    ],
    0,
    0,
    [],
    [],
    []
]
