[
    1,
    0,
    0,
    [
        [
            "cc.Skeleton",
            [
                "_name",
                "_hash",
                "_joints",
                "_bindposes"
            ],
            0,
            12
        ]
    ],
    [
        [
            0,
            0,
            1,
            2,
            3,
            4
        ]
    ],
    [
        [
            0,
            "Skin-17",
            3502145388,
            [
                "Group115/Point010/Bone471",
                "Group115/Point010/Bone471/Bone472",
                "Group115/Point010/Bone471/Bone472/Bone473",
                "Group115/Point010/Bone471/Bone472/Bone473/Bone474"
            ],
            [
                [
                    [
                        7,
                        0.9884753227233887,
                        -0.15138232707977295,
                        1.850315278772996e-8,
                        0,
                        -2.466331494588303e-8,
                        -2.8327104928393965e-7,
                        -1,
                        0,
                        0.15138232707977295,
                        0.9884753227233887,
                        -2.837400074895413e-7,
                        0,
                        0.0676005408167839,
                        0.016574664041399956,
                        0.000014721420484420378,
                        1
                    ],
                    [
                        7,
                        0.999541163444519,
                        0.03028978407382965,
                        1.850315101137312e-8,
                        0,
                        2.70890847531291e-8,
                        -2.830493599503825e-7,
                        -1,
                        0,
                        -0.03028978407382965,
                        0.999541163444519,
                        -2.837400074895413e-7,
                        0,
                        -0.0031361232977360487,
                        0.016275623813271523,
                        0.000014723091226187535,
                        1
                    ],
                    [
                        7,
                        0.9898059964179993,
                        -0.14242218434810638,
                        -4.940903153283216e-8,
                        0,
                        -2.2096333651688838e-8,
                        1.933543387622194e-7,
                        -1,
                        0,
                        0.14242218434810638,
                        0.9898059964179993,
                        1.8823627101482998e-7,
                        0,
                        -0.09787546843290329,
                        0.03363579884171486,
                        0.000014736449884367175,
                        1
                    ],
                    [
                        7,
                        0.989806056022644,
                        -0.14242218434810638,
                        -4.940902798011848e-8,
                        0,
                        -2.2096335428045677e-8,
                        1.933543387622194e-7,
                        -1,
                        0,
                        0.14242218434810638,
                        0.989806056022644,
                        1.8823627101482998e-7,
                        0,
                        -0.17393918335437775,
                        0.033636681735515594,
                        0.000014738130630576052,
                        1
                    ]
                ],
                8,
                8,
                8,
                8
            ]
        ]
    ],
    0,
    0,
    [],
    [],
    []
]
