[
    1,
    0,
    0,
    [
        [
            "cc.Skeleton",
            [
                "_name",
                "_hash",
                "_joints",
                "_bindposes"
            ],
            0,
            12
        ]
    ],
    [
        [
            0,
            0,
            1,
            2,
            3,
            4
        ]
    ],
    [
        [
            0,
            "Skin-17",
            1507903163,
            [
                "Cizme/Bone438/Bone439/Bone440",
                "Cizme/Bone438",
                "Cizme/Bone438/Bone439"
            ],
            [
                [
                    [
                        7,
                        0.25891247391700745,
                        -0.006703157443553209,
                        0.9658772349357605,
                        0,
                        -0.017187822610139847,
                        -0.999849796295166,
                        -0.002331563737243414,
                        0,
                        0.9657478928565979,
                        -0.015997665002942085,
                        -0.2589886486530304,
                        0,
                        -0.2806995213031769,
                        -0.00872466154396534,
                        -0.007235471624881029,
                        1
                    ],
                    [
                        7,
                        -0.000057426201237831265,
                        0.2589990198612213,
                        0.9658772945404053,
                        0,
                        0.9999575614929199,
                        0.008918330073356628,
                        -0.002331987489014864,
                        0,
                        -0.009217998012900352,
                        0.9658364057540894,
                        -0.2589884400367737,
                        0,
                        0.5245808362960815,
                        -0.000585654575843364,
                        -0.007235379423946142,
                        1
                    ],
                    [
                        7,
                        0.22016875445842743,
                        0.13640204071998596,
                        0.9658783674240112,
                        0,
                        0.5340189933776855,
                        -0.8454691767692566,
                        -0.0023302410263568163,
                        0,
                        0.8163016438484192,
                        0.5163105726242065,
                        -0.2589873969554901,
                        0,
                        0.09914761781692505,
                        -0.16125066578388214,
                        -0.0072297025471925735,
                        1
                    ]
                ],
                8,
                8,
                8
            ]
        ]
    ],
    0,
    0,
    [],
    [],
    []
]
