[
    1,
    0,
    0,
    [
        [
            "cc.Skeleton",
            [
                "_name",
                "_hash",
                "_joints",
                "_bindposes"
            ],
            0,
            12
        ]
    ],
    [
        [
            0,
            0,
            1,
            2,
            3,
            4
        ]
    ],
    [
        [
            0,
            "Skin-14",
            3872861470,
            [
                "Cizme/Circle020/Bone445",
                "Cizme/Circle020/Bone445/Bone446",
                "Cizme/Circle020/Bone445/Bone446/Bone447",
                "Cizme/Circle020/Bone445/Bone446/Bone447/Bone448"
            ],
            [
                [
                    [
                        7,
                        -0.030959919095039368,
                        -0.14849059283733368,
                        -0.9884293079376221,
                        0,
                        0.471791535615921,
                        -0.8739771842956543,
                        0.116519033908844,
                        0,
                        -0.8811665773391724,
                        -0.4627249836921692,
                        0.09711488336324692,
                        0,
                        0.3857632577419281,
                        0.08785279095172882,
                        0.012599983252584934,
                        1
                    ],
                    [
                        7,
                        -0.11895548552274704,
                        -0.09412645548582077,
                        -0.9884282946586609,
                        0,
                        -0.19812719523906708,
                        -0.9732261896133423,
                        0.11652294546365738,
                        0,
                        -0.9729321599006653,
                        0.20969544351100922,
                        0.0971214696764946,
                        0,
                        0.040148429572582245,
                        0.08091019093990326,
                        0.01261359266936779,
                        1
                    ],
                    [
                        7,
                        -0.14756138622760773,
                        0.035103846341371536,
                        -0.9884305000305176,
                        0,
                        -0.8868542909622192,
                        -0.4471176862716675,
                        0.11651796102523804,
                        0,
                        -0.4378543794155121,
                        0.8937863111495972,
                        0.09710928797721863,
                        0,
                        -0.13807059824466705,
                        0.3057103753089905,
                        0.012600576505064964,
                        1
                    ],
                    [
                        7,
                        -0.14756551384925842,
                        0.0351065918803215,
                        -0.9884293675422668,
                        0,
                        -0.886851966381073,
                        -0.44711893796920776,
                        0.11652043461799622,
                        0,
                        -0.43785443902015686,
                        0.8937851190567017,
                        0.09711381793022156,
                        0,
                        -0.5332381725311279,
                        0.30571165680885315,
                        0.012602357193827629,
                        1
                    ]
                ],
                8,
                8,
                8,
                8
            ]
        ]
    ],
    0,
    0,
    [],
    [],
    []
]
