[
    1,
    0,
    0,
    [
        [
            "cc.Skeleton",
            [
                "_name",
                "_hash",
                "_joints",
                "_bindposes"
            ],
            0,
            12
        ]
    ],
    [
        [
            0,
            0,
            1,
            2,
            3,
            4
        ]
    ],
    [
        [
            0,
            "Skin-17",
            1848756047,
            [
                "Cizme/Bone438/Bone439/Bone440",
                "Cizme/Bone438",
                "Cizme/Bone438/Bone439"
            ],
            [
                [
                    [
                        7,
                        0.25891247391700745,
                        -0.006703200284391642,
                        0.9658772349357605,
                        0,
                        -0.017187833786010742,
                        -0.999849796295166,
                        -0.002331605413928628,
                        0,
                        0.9657478928565979,
                        -0.015997665002942085,
                        -0.2589886486530304,
                        0,
                        -0.2807099223136902,
                        -0.008723551407456398,
                        -0.00723610445857048,
                        1
                    ],
                    [
                        7,
                        -0.000057426201237831265,
                        0.25899940729141235,
                        0.9658771753311157,
                        0,
                        0.9999575614929199,
                        0.008918329142034054,
                        -0.0023319909814745188,
                        0,
                        -0.009217998012900352,
                        0.9658362865447998,
                        -0.2589888274669647,
                        0,
                        0.5245795845985413,
                        -0.0005831574671901762,
                        -0.007235119119286537,
                        1
                    ],
                    [
                        7,
                        0.22016888856887817,
                        0.13640213012695312,
                        0.9658783078193665,
                        0,
                        0.5340189933776855,
                        -0.8454691767692566,
                        -0.0023302410263568163,
                        0,
                        0.8163015842437744,
                        0.5163105130195618,
                        -0.25898757576942444,
                        0,
                        0.09913340210914612,
                        -0.1612507551908493,
                        -0.007230921182781458,
                        1
                    ]
                ],
                8,
                8,
                8
            ]
        ]
    ],
    0,
    0,
    [],
    [],
    []
]
