[
    1,
    0,
    0,
    [
        [
            "cc.Skeleton",
            [
                "_name",
                "_hash",
                "_joints",
                "_bindposes"
            ],
            0,
            12
        ]
    ],
    [
        [
            0,
            0,
            1,
            2,
            3,
            4
        ]
    ],
    [
        [
            0,
            "Skin-12",
            1295446729,
            [
                "Animirani_objekti/Group115/Point011/Bone475",
                "Animirani_objekti/Group115/Point011/Bone475/Bone476",
                "Animirani_objekti/Group115/Point011/Bone475/Bone476/Bone477",
                "Animirani_objekti/Group115/Point011/Bone475/Bone476/Bone477/Bone478"
            ],
            [
                [
                    [
                        7,
                        0.9902269840240479,
                        -0.1394670009613037,
                        -0.00001181900006486103,
                        0,
                        -0.000011992343388556037,
                        -4.024986708373035e-7,
                        -1,
                        0,
                        0.1394670009613037,
                        0.9902269840240479,
                        -0.0000020710999706352595,
                        0,
                        0.12674741446971893,
                        0.03125124052166939,
                        -0.00006983002094784752,
                        1
                    ],
                    [
                        7,
                        0.9996910095214844,
                        0.024879800155758858,
                        0.000002288310042786179,
                        0,
                        0.000002300132791788201,
                        -4.465306915335532e-7,
                        -1,
                        0,
                        -0.024879800155758858,
                        0.9996910095214844,
                        -5.036189918428136e-7,
                        0,
                        -0.0007668528123758733,
                        0.031553447246551514,
                        -0.00006978518649702892,
                        1
                    ],
                    [
                        7,
                        0.9911760091781616,
                        -0.13255499303340912,
                        -1.549710049175701e-7,
                        0,
                        -2.10168593639537e-7,
                        -4.024213637876528e-7,
                        -1,
                        0,
                        0.13255499303340912,
                        0.9911760091781616,
                        -4.267290023562964e-7,
                        0,
                        -0.18203575909137726,
                        0.06091949716210365,
                        -0.0000693239489919506,
                        1
                    ],
                    [
                        7,
                        0.9911749958992004,
                        -0.1325560063123703,
                        -2.0854000126746541e-7,
                        0,
                        -2.6471289515939134e-7,
                        -4.061454887960281e-7,
                        -1,
                        0,
                        0.1325560063123703,
                        0.9911749958992004,
                        -4.376510105430498e-7,
                        0,
                        -0.3236275315284729,
                        0.06092160567641258,
                        -0.00006891264638397843,
                        1
                    ]
                ],
                8,
                8,
                8,
                8
            ]
        ]
    ],
    0,
    0,
    [],
    [],
    []
]
