[
    1,
    0,
    0,
    [
        [
            "cc.Skeleton",
            [
                "_name",
                "_hash",
                "_joints",
                "_bindposes"
            ],
            0,
            12
        ]
    ],
    [
        [
            0,
            0,
            1,
            2,
            3,
            4
        ]
    ],
    [
        [
            0,
            "Skin-14",
            3872861470,
            [
                "Cizme/Circle020/Bone445",
                "Cizme/Circle020/Bone445/Bone446",
                "Cizme/Circle020/Bone445/Bone446/Bone447",
                "Cizme/Circle020/Bone445/Bone446/Bone447/Bone448"
            ],
            [
                [
                    [
                        7,
                        -0.03096010722219944,
                        -0.14849057793617249,
                        -0.9884293675422668,
                        0,
                        0.4717915654182434,
                        -0.8739771842956543,
                        0.11651893705129623,
                        0,
                        -0.8811665177345276,
                        -0.4627249836921692,
                        0.09711504727602005,
                        0,
                        0.3857603967189789,
                        0.0878535583615303,
                        0.012595665641129017,
                        1
                    ],
                    [
                        7,
                        -0.11895547807216644,
                        -0.09412656724452972,
                        -0.9884282946586609,
                        0,
                        -0.19812718033790588,
                        -0.9732261896133423,
                        0.11652304977178574,
                        0,
                        -0.9729321599006653,
                        0.20969544351100922,
                        0.09712144732475281,
                        0,
                        0.04014492779970169,
                        0.0809100791811943,
                        0.012613904662430286,
                        1
                    ],
                    [
                        7,
                        -0.14756107330322266,
                        0.03510243818163872,
                        -0.9884305000305176,
                        0,
                        -0.8868542909622192,
                        -0.4471175968647003,
                        0.1165182888507843,
                        0,
                        -0.43785449862480164,
                        0.8937863707542419,
                        0.09710787236690521,
                        0,
                        -0.13807249069213867,
                        0.30570945143699646,
                        0.012596356682479382,
                        1
                    ],
                    [
                        7,
                        -0.1475658416748047,
                        0.035108111798763275,
                        -0.9884293079376221,
                        0,
                        -0.886851966381073,
                        -0.4471190273761749,
                        0.11652006208896637,
                        0,
                        -0.4378542900085449,
                        0.8937850594520569,
                        0.09711532294750214,
                        0,
                        -0.5332362651824951,
                        0.3057132065296173,
                        0.012606839649379253,
                        1
                    ]
                ],
                8,
                8,
                8,
                8
            ]
        ]
    ],
    0,
    0,
    [],
    [],
    []
]
