[
    1,
    0,
    0,
    [
        [
            "cc.Skeleton",
            [
                "_name",
                "_hash",
                "_joints",
                "_bindposes"
            ],
            0,
            12
        ]
    ],
    [
        [
            0,
            0,
            1,
            2,
            3,
            4
        ]
    ],
    [
        [
            0,
            "Skin-6",
            2998950580,
            [
                "ANIM_scena/anim_SE_Chicken_Idle_Anim__1_/anim_Root",
                "ANIM_scena/anim_SE_Chicken_Idle_Anim__1_/anim_Root/anim_Hips",
                "ANIM_scena/anim_SE_Chicken_Idle_Anim__1_/anim_Root/anim_Hips/anim_Leg_L1",
                "ANIM_scena/anim_SE_Chicken_Idle_Anim__1_/anim_Root/anim_Hips/anim_Leg_L1/anim_Leg_L2",
                "ANIM_scena/anim_SE_Chicken_Idle_Anim__1_/anim_Root/anim_Hips/anim_Leg_L1/anim_Leg_L2/anim_Leg_L3",
                "ANIM_scena/anim_SE_Chicken_Idle_Anim__1_/anim_Root/anim_Hips/anim_Leg_R1",
                "ANIM_scena/anim_SE_Chicken_Idle_Anim__1_/anim_Root/anim_Hips/anim_Leg_R1/anim_Leg_R2",
                "ANIM_scena/anim_SE_Chicken_Idle_Anim__1_/anim_Root/anim_Hips/anim_Leg_R1/anim_Leg_R2/anim_Leg_R3",
                "ANIM_scena/anim_SE_Chicken_Idle_Anim__1_/anim_Root/anim_Hips/anim_Tail_1",
                "ANIM_scena/anim_SE_Chicken_Idle_Anim__1_/anim_Root/anim_Hips/anim_Tail_1/anim_Tail_2",
                "ANIM_scena/anim_SE_Chicken_Idle_Anim__1_/anim_Root/anim_Hips/anim_Breasts1",
                "ANIM_scena/anim_SE_Chicken_Idle_Anim__1_/anim_Root/anim_Hips/anim_Breasts1/anim_Breasts2",
                "ANIM_scena/anim_SE_Chicken_Idle_Anim__1_/anim_Root/anim_Hips/anim_Breasts1/anim_Head_1",
                "ANIM_scena/anim_SE_Chicken_Idle_Anim__1_/anim_Root/anim_Hips/anim_Breasts1/anim_Head_1/anim_Head_2",
                "ANIM_scena/anim_SE_Chicken_Idle_Anim__1_/anim_Root/anim_Hips/anim_Breasts1/anim_Head_1/anim_Head_2/anim_Feather_1",
                "ANIM_scena/anim_SE_Chicken_Idle_Anim__1_/anim_Root/anim_Hips/anim_Breasts1/anim_Head_1/anim_Head_2/anim_Feather_1/anim_Feather_2"
            ],
            [
                [
                    [
                        7,
                        1.0000004768371582,
                        0,
                        2.0450200111099548e-7,
                        0,
                        0,
                        1.0000001192092896,
                        0,
                        0,
                        -2.0450200111099548e-7,
                        0,
                        1.0000004768371582,
                        0,
                        0.004374939948320389,
                        -0.7750728726387024,
                        0.020176410675048828,
                        1
                    ],
                    [
                        7,
                        -1.0000004768371582,
                        -1.6657969581501675e-7,
                        2.535912244638894e-7,
                        0,
                        -2.7206314712202584e-7,
                        0.8622847199440002,
                        -0.5064224600791931,
                        0,
                        -1.343082374205551e-7,
                        -0.5064235329627991,
                        -0.8622855544090271,
                        0,
                        -0.00437481002882123,
                        -0.6770546436309814,
                        0.20322196185588837,
                        1
                    ],
                    [
                        7,
                        1.0000004768371582,
                        -2.0450200111099548e-7,
                        1.2522150817537638e-23,
                        0,
                        -2.2171516903057496e-33,
                        6.123227645480939e-17,
                        1.0000001192092896,
                        0,
                        -2.0450200111099548e-7,
                        -1.0000004768371582,
                        6.12324418909319e-17,
                        0,
                        -0.31216901540756226,
                        -0.16029773652553558,
                        -0.4776134490966797,
                        1
                    ],
                    [
                        7,
                        1.0000004768371582,
                        -3.8082598052824324e-7,
                        -9.169170311906782e-8,
                        0,
                        1.238797597835628e-8,
                        -0.20321671664714813,
                        0.9791339039802551,
                        0,
                        -3.915129695997166e-7,
                        -0.9791339635848999,
                        -0.20321734249591827,
                        0,
                        -0.2516472637653351,
                        -0.05481630563735962,
                        -0.057926811277866364,
                        1
                    ],
                    [
                        7,
                        1.0000004768371582,
                        6.475752822865388e-9,
                        2.5365599753968127e-7,
                        0,
                        -5.4084470235693516e-9,
                        -0.9989027976989746,
                        0.04682360216975212,
                        0,
                        2.5368100864398e-7,
                        -0.04682370647788048,
                        -0.9989036321640015,
                        0,
                        -0.32906264066696167,
                        0.042896565049886703,
                        0.1540687084197998,
                        1
                    ],
                    [
                        7,
                        1.0000004768371582,
                        -2.0450200111099548e-7,
                        1.2522150817537638e-23,
                        0,
                        -2.2171516903057496e-33,
                        6.123227645480939e-17,
                        1.0000001192092896,
                        0,
                        -2.0450200111099548e-7,
                        -1.0000004768371582,
                        6.12324418909319e-17,
                        0,
                        0.3198123276233673,
                        -0.16029773652553558,
                        -0.4776134490966797,
                        1
                    ],
                    [
                        7,
                        1.0000004768371582,
                        -3.8082598052824324e-7,
                        -9.169170311906782e-8,
                        0,
                        1.238797597835628e-8,
                        -0.20321671664714813,
                        0.9791339039802551,
                        0,
                        -3.915129695997166e-7,
                        -0.9791339635848999,
                        -0.20321734249591827,
                        0,
                        0.259290486574173,
                        -0.05481630563735962,
                        -0.057926811277866364,
                        1
                    ],
                    [
                        7,
                        1.0000004768371582,
                        6.475752822865388e-9,
                        2.5365599753968127e-7,
                        0,
                        -5.4084470235693516e-9,
                        -0.9989027976989746,
                        0.04682360216975212,
                        0,
                        2.5368100864398e-7,
                        -0.04682370647788048,
                        -0.9989036321640015,
                        0,
                        0.3367058038711548,
                        0.042896565049886703,
                        0.1540687084197998,
                        1
                    ],
                    [
                        7,
                        0.9999995231628418,
                        -5.580800177540368e-8,
                        1.593521226084249e-8,
                        0,
                        4.100326478351235e-8,
                        0.48501870036125183,
                        -0.8745028376579285,
                        0,
                        4.1075384871192e-8,
                        0.8745034337043762,
                        0.48501989245414734,
                        0,
                        0.004374964628368616,
                        0.07311610132455826,
                        0.7995728254318237,
                        1
                    ],
                    [
                        7,
                        0.9999995231628418,
                        -5.580800177540368e-8,
                        1.593521226084249e-8,
                        0,
                        4.100326478351235e-8,
                        0.48501870036125183,
                        -0.8745028376579285,
                        0,
                        4.1075384871192e-8,
                        0.8745034337043762,
                        0.48501989245414734,
                        0,
                        0.004374970681965351,
                        0.32610833644866943,
                        0.9651707410812378,
                        1
                    ],
                    [
                        7,
                        -1.0000004768371582,
                        -4.511549889230082e-7,
                        2.130282261703087e-8,
                        0,
                        -1.3682888777566404e-7,
                        0.2576618492603302,
                        -0.9662347435951233,
                        0,
                        4.304328911075572e-7,
                        -0.9662354588508606,
                        -0.25766247510910034,
                        0,
                        -0.004374834708869457,
                        -0.1668063998222351,
                        0.9165126085281372,
                        1
                    ],
                    [
                        7,
                        1.0000004768371582,
                        -4.358178262720003e-9,
                        2.0450200111099548e-7,
                        0,
                        4.3581702691142254e-9,
                        1.0000001192092896,
                        -1.7470028979005292e-8,
                        0,
                        -2.0450200111099548e-7,
                        1.7470076940639956e-8,
                        1.0000004768371582,
                        0,
                        0.004374939948320389,
                        -0.572215735912323,
                        -0.5159279704093933,
                        1
                    ],
                    [
                        7,
                        -1.0000004768371582,
                        1.8062500828364136e-7,
                        -2.2021646728376254e-8,
                        0,
                        8.913590221482082e-8,
                        0.3807501196861267,
                        -0.9246771931648254,
                        0,
                        -1.586352453841755e-7,
                        -0.924677848815918,
                        -0.3807510435581207,
                        0,
                        -0.004374972078949213,
                        -0.23417119681835175,
                        1.1391462087631226,
                        1
                    ],
                    [
                        7,
                        -1.0000004768371582,
                        -9.720010574199023e-9,
                        -2.1722100029819558e-7,
                        0,
                        -6.428030108196481e-9,
                        0.9998849630355835,
                        -0.015149729326367378,
                        0,
                        2.173434694441312e-7,
                        -0.015149774961173534,
                        -0.999885082244873,
                        0,
                        -0.0043749380856752396,
                        -1.2308158874511719,
                        0.49246716499328613,
                        1
                    ],
                    [
                        7,
                        1.0000004768371582,
                        -1.1647269260173232e-10,
                        2.0450200111099548e-7,
                        0,
                        1.1647892372845803e-10,
                        1.0000001192092896,
                        -3.1970166958217305e-8,
                        0,
                        -2.0450200111099548e-7,
                        3.1970252223345597e-8,
                        1.0000004768371582,
                        0,
                        0.004374939948320389,
                        -1.6919829845428467,
                        -0.37631580233573914,
                        1
                    ],
                    [
                        7,
                        1.0000004768371582,
                        -1.1647269260173232e-10,
                        2.0450200111099548e-7,
                        0,
                        1.1647892372845803e-10,
                        1.0000001192092896,
                        -3.1970166958217305e-8,
                        0,
                        -2.0450200111099548e-7,
                        3.1970252223345597e-8,
                        1.0000004768371582,
                        0,
                        0.004374939948320389,
                        -1.974914312362671,
                        -0.18198251724243164,
                        1
                    ]
                ],
                8,
                8,
                8,
                8,
                8,
                8,
                8,
                8,
                8,
                8,
                8,
                8,
                8,
                8,
                8,
                8
            ]
        ]
    ],
    0,
    0,
    [],
    [],
    []
]
