[
    1,
    0,
    0,
    [
        [
            "cc.Skeleton",
            [
                "_name",
                "_hash",
                "_joints",
                "_bindposes"
            ],
            0,
            12
        ]
    ],
    [
        [
            0,
            0,
            1,
            2,
            3,
            4
        ]
    ],
    [
        [
            0,
            "Skin-17",
            3727834226,
            [
                "Cizme/Bone438/Bone439/Bone440",
                "Cizme/Bone438",
                "Cizme/Bone438/Bone439"
            ],
            [
                [
                    [
                        7,
                        0.25891247391700745,
                        -0.006703168153762817,
                        0.9658772349357605,
                        0,
                        -0.017187826335430145,
                        -0.999849796295166,
                        -0.0023315742146223783,
                        0,
                        0.9657478928565979,
                        -0.015997665002942085,
                        -0.2589886486530304,
                        0,
                        -0.2807021737098694,
                        -0.008724384009838104,
                        -0.007235707715153694,
                        1
                    ],
                    [
                        7,
                        -0.00006746986036887392,
                        0.25899994373321533,
                        0.9658769965171814,
                        0,
                        0.9999575614929199,
                        0.008896919898688793,
                        -0.002315858146175742,
                        0,
                        -0.009193141013383865,
                        0.9658361673355103,
                        -0.258989542722702,
                        0,
                        0.5245783925056458,
                        -0.000594566750805825,
                        -0.007229435723274946,
                        1
                    ],
                    [
                        7,
                        0.22018902003765106,
                        0.13639864325523376,
                        0.9658740162849426,
                        0,
                        0.5340057015419006,
                        -0.845477819442749,
                        -0.002340160310268402,
                        0,
                        0.8163051605224609,
                        0.5162976980209351,
                        -0.2590026557445526,
                        0,
                        0.09914219379425049,
                        -0.16125604510307312,
                        -0.007230795454233885,
                        1
                    ]
                ],
                8,
                8,
                8
            ]
        ]
    ],
    0,
    0,
    [],
    [],
    []
]
