[
    1,
    0,
    0,
    [
        [
            "cc.Skeleton",
            [
                "_name",
                "_hash",
                "_joints",
                "_bindposes"
            ],
            0,
            12
        ]
    ],
    [
        [
            0,
            0,
            1,
            2,
            3,
            4
        ]
    ],
    [
        [
            0,
            "Skin-0",
            36664814,
            [
                "ANIM_scena/ANIM_Kokoska_braon/ANIM_Kokoska_Root",
                "ANIM_scena/ANIM_Kokoska_braon/ANIM_Kokoska_Root/ANIM_Kokoska_Hips",
                "ANIM_scena/ANIM_Kokoska_braon/ANIM_Kokoska_Root/ANIM_Kokoska_Hips/ANIM_Kokoska_Leg_L1",
                "ANIM_scena/ANIM_Kokoska_braon/ANIM_Kokoska_Root/ANIM_Kokoska_Hips/ANIM_Kokoska_Leg_L1/ANIM_Kokoska_Leg_L2",
                "ANIM_scena/ANIM_Kokoska_braon/ANIM_Kokoska_Root/ANIM_Kokoska_Hips/ANIM_Kokoska_Leg_L1/ANIM_Kokoska_Leg_L2/ANIM_Kokoska_Leg_L3",
                "ANIM_scena/ANIM_Kokoska_braon/ANIM_Kokoska_Root/ANIM_Kokoska_Hips/ANIM_Kokoska_Leg_L1/ANIM_Kokoska_Leg_L2/ANIM_Kokoska_Leg_L3/ANIM_Kokoska_Leg_L4",
                "ANIM_scena/ANIM_Kokoska_braon/ANIM_Kokoska_Root/ANIM_Kokoska_Hips/ANIM_Kokoska_Leg_R1",
                "ANIM_scena/ANIM_Kokoska_braon/ANIM_Kokoska_Root/ANIM_Kokoska_Hips/ANIM_Kokoska_Leg_R1/ANIM_Kokoska_Leg_R2",
                "ANIM_scena/ANIM_Kokoska_braon/ANIM_Kokoska_Root/ANIM_Kokoska_Hips/ANIM_Kokoska_Leg_R1/ANIM_Kokoska_Leg_R2/ANIM_Kokoska_Leg_R3",
                "ANIM_scena/ANIM_Kokoska_braon/ANIM_Kokoska_Root/ANIM_Kokoska_Hips/ANIM_Kokoska_Leg_R1/ANIM_Kokoska_Leg_R2/ANIM_Kokoska_Leg_R3/ANIM_Kokoska_Leg_R4",
                "ANIM_scena/ANIM_Kokoska_braon/ANIM_Kokoska_Root/ANIM_Kokoska_Hips/ANIM_Kokoska_Tail_1",
                "ANIM_scena/ANIM_Kokoska_braon/ANIM_Kokoska_Root/ANIM_Kokoska_Hips/ANIM_Kokoska_Tail_1/ANIM_Kokoska_Tail_2",
                "ANIM_scena/ANIM_Kokoska_braon/ANIM_Kokoska_Root/ANIM_Kokoska_Hips/ANIM_Kokoska_Breasts1",
                "ANIM_scena/ANIM_Kokoska_braon/ANIM_Kokoska_Root/ANIM_Kokoska_Hips/ANIM_Kokoska_Breasts1/ANIM_Kokoska_Neck",
                "ANIM_scena/ANIM_Kokoska_braon/ANIM_Kokoska_Root/ANIM_Kokoska_Hips/ANIM_Kokoska_Breasts1/ANIM_Kokoska_Neck/ANIM_Kokoska_Head",
                "ANIM_scena/ANIM_Kokoska_braon/ANIM_Kokoska_Root/ANIM_Kokoska_Hips/ANIM_Kokoska_Breasts1/ANIM_Kokoska_Neck/ANIM_Kokoska_Head/ANIM_Kokoska_Beak_Top1",
                "ANIM_scena/ANIM_Kokoska_braon/ANIM_Kokoska_Root/ANIM_Kokoska_Hips/ANIM_Kokoska_Breasts1/ANIM_Kokoska_Neck/ANIM_Kokoska_Head/ANIM_Kokoska_Beak_Top1/ANIM_Kokoska_Beak_Top2",
                "ANIM_scena/ANIM_Kokoska_braon/ANIM_Kokoska_Root/ANIM_Kokoska_Hips/ANIM_Kokoska_Breasts1/ANIM_Kokoska_Neck/ANIM_Kokoska_Head/ANIM_Kokoska_Beak_Bottom1",
                "ANIM_scena/ANIM_Kokoska_braon/ANIM_Kokoska_Root/ANIM_Kokoska_Hips/ANIM_Kokoska_Breasts1/ANIM_Kokoska_Neck/ANIM_Kokoska_Head/ANIM_Kokoska_Beak_Bottom1/ANIM_Kokoska_Beak_Bottom2",
                "ANIM_scena/ANIM_Kokoska_braon/ANIM_Kokoska_Root/ANIM_Kokoska_Hips/ANIM_Kokoska_Breasts1/ANIM_Kokoska_Breasts2"
            ],
            [
                [
                    [
                        7,
                        1.000000238418579,
                        5.453683229461603e-7,
                        3.869027977998485e-7,
                        0,
                        -5.453680955724849e-7,
                        0.9999998807907104,
                        -6.260110012590303e-7,
                        0,
                        -3.8690313886036165e-7,
                        6.260107738853549e-7,
                        1.000000238418579,
                        0,
                        5.785546477454773e-7,
                        -1.3547279834747314,
                        0.13853923976421356,
                        1
                    ],
                    [
                        7,
                        -1.000000238418579,
                        2.9040594995422e-7,
                        -4.2956784795933345e-7,
                        0,
                        4.679554024278332e-7,
                        0.8622859716415405,
                        -0.5064214468002319,
                        0,
                        2.2334261018386314e-7,
                        -0.5064215660095215,
                        -0.8622860908508301,
                        0,
                        -4.963407036484568e-7,
                        -1.2383219003677368,
                        0.5666032433509827,
                        1
                    ],
                    [
                        7,
                        1.000000238418579,
                        -3.869027977998485e-7,
                        5.453683229461603e-7,
                        0,
                        -5.453680955724849e-7,
                        6.260110012590303e-7,
                        0.9999998807907104,
                        0,
                        -3.8690313886036165e-7,
                        -1.000000238418579,
                        6.260107738853549e-7,
                        0,
                        -0.4078315496444702,
                        -0.11963704228401184,
                        -0.9496628046035767,
                        1
                    ],
                    [
                        7,
                        1.000000238418579,
                        -5.423377160695964e-7,
                        6.433862154153758e-7,
                        0,
                        -7.401727657452284e-7,
                        -0.20321553945541382,
                        0.9791339635848999,
                        0,
                        -4.0027526893027243e-7,
                        -0.9791340827941895,
                        -0.2032155841588974,
                        0,
                        -0.35164356231689453,
                        -0.030057081952691078,
                        -0.44389617443084717,
                        1
                    ],
                    [
                        7,
                        1.000000238418579,
                        -7.04308035892609e-7,
                        -3.5804699649588656e-8,
                        0,
                        -7.018590508778288e-7,
                        -0.9989029169082642,
                        0.04682433232665062,
                        0,
                        -6.874419256064357e-8,
                        -0.04682433232665062,
                        -0.9989032745361328,
                        0,
                        -0.37736350297927856,
                        0.09212847799062729,
                        -0.054702870547771454,
                        1
                    ],
                    [
                        7,
                        1.000000238418579,
                        -7.04308035892609e-7,
                        -3.5804699649588656e-8,
                        0,
                        -7.018590508778288e-7,
                        -0.9989029169082642,
                        0.04682433232665062,
                        0,
                        -6.874419256064357e-8,
                        -0.04682433232665062,
                        -0.9989032745361328,
                        0,
                        -0.4343612790107727,
                        0.09212862700223923,
                        0.3489844799041748,
                        1
                    ],
                    [
                        7,
                        1.000000238418579,
                        -3.869027977998485e-7,
                        5.453683229461603e-7,
                        0,
                        -5.453680955724849e-7,
                        6.260110012590303e-7,
                        0.9999998807907104,
                        0,
                        -3.8690313886036165e-7,
                        -1.000000238418579,
                        6.260107738853549e-7,
                        0,
                        0.40594711899757385,
                        -0.11963704228401184,
                        -0.9496628046035767,
                        1
                    ],
                    [
                        7,
                        1.000000238418579,
                        -5.423377160695964e-7,
                        6.433862154153758e-7,
                        0,
                        -7.401727657452284e-7,
                        -0.20321553945541382,
                        0.9791339635848999,
                        0,
                        -4.0027526893027243e-7,
                        -0.9791340827941895,
                        -0.2032155841588974,
                        0,
                        0.34975874423980713,
                        -0.030057081952691078,
                        -0.44389617443084717,
                        1
                    ],
                    [
                        7,
                        1.000000238418579,
                        -7.04308035892609e-7,
                        -3.5804699649588656e-8,
                        0,
                        -7.018590508778288e-7,
                        -0.9989029169082642,
                        0.04682433232665062,
                        0,
                        -6.874419256064357e-8,
                        -0.04682433232665062,
                        -0.9989032745361328,
                        0,
                        0.37547826766967773,
                        0.09212847799062729,
                        -0.054702870547771454,
                        1
                    ],
                    [
                        7,
                        1.000000238418579,
                        -7.04308035892609e-7,
                        -3.5804699649588656e-8,
                        0,
                        -7.018590508778288e-7,
                        -0.9989029169082642,
                        0.04682433232665062,
                        0,
                        -6.874419256064357e-8,
                        -0.04682433232665062,
                        -0.9989032745361328,
                        0,
                        0.43247607350349426,
                        0.09212862700223923,
                        0.3489844799041748,
                        1
                    ],
                    [
                        7,
                        1.000000238418579,
                        -2.603890152386157e-7,
                        1.3633295736781292e-7,
                        0,
                        2.4551724209231907e-7,
                        0.48501917719841003,
                        -0.8745036125183105,
                        0,
                        1.6158701043877954e-7,
                        0.8745039105415344,
                        0.48501917719841003,
                        0,
                        -3.77454483668771e-7,
                        -0.024304011836647987,
                        1.9791477918624878,
                        1
                    ],
                    [
                        7,
                        1.000000238418579,
                        -2.603890152386157e-7,
                        1.3633295736781292e-7,
                        0,
                        2.4551724209231907e-7,
                        0.48501917719841003,
                        -0.8745036125183105,
                        0,
                        1.6158701043877954e-7,
                        0.8745039105415344,
                        0.48501917719841003,
                        0,
                        -5.494704282682505e-7,
                        -0.16758990287780762,
                        2.814763307571411,
                        1
                    ],
                    [
                        7,
                        -1.000000238418579,
                        1.0596200894497088e-7,
                        -9.118769526139658e-7,
                        0,
                        9.113708188124292e-7,
                        0.2338610291481018,
                        -0.972270131111145,
                        0,
                        1.1022885360034707e-7,
                        -0.9722695350646973,
                        -0.23386123776435852,
                        0,
                        -0.0000016661404060869245,
                        0.21131974458694458,
                        1.923744559288025,
                        1
                    ],
                    [
                        7,
                        -0.9997773766517639,
                        2.2274471689343045e-7,
                        0.021103348582983017,
                        0,
                        -0.021102730184793472,
                        -0.007715546526014805,
                        -0.9997469186782837,
                        0,
                        0.00016260132542811334,
                        -0.9999700784683228,
                        0.007713831961154938,
                        0,
                        0.048274967819452286,
                        0.799035906791687,
                        2.286925792694092,
                        1
                    ],
                    [
                        7,
                        -1.000000238418579,
                        2.0321103022524767e-7,
                        1.2029002505187236e-7,
                        0,
                        2.0136528178227309e-7,
                        0.9998856782913208,
                        -0.015149462036788464,
                        0,
                        -1.2335482324488112e-7,
                        -0.015149478800594807,
                        -0.9998849034309387,
                        0,
                        -3.229677361105132e-7,
                        -2.7071568965911865,
                        0.9989089965820312,
                        1
                    ],
                    [
                        7,
                        1.000000238418579,
                        8.036642498154833e-7,
                        -6.112739470154338e-8,
                        0,
                        -8.036641361286456e-7,
                        0.9999999403953552,
                        5.732044314754603e-7,
                        0,
                        6.112786365974898e-8,
                        -5.732044883188792e-7,
                        1.0000001192092896,
                        0,
                        0.0000020368049717944814,
                        -2.774801254272461,
                        -1.4105530977249146,
                        1
                    ],
                    [
                        7,
                        1.000000238418579,
                        5.453683229461603e-7,
                        3.869027977998485e-7,
                        0,
                        -5.453680955724849e-7,
                        0.9999998807907104,
                        -6.260110012590303e-7,
                        0,
                        -3.8690313886036165e-7,
                        6.260107738853549e-7,
                        1.000000238418579,
                        0,
                        0.0000019795313619397348,
                        -2.7043583393096924,
                        -1.5808411836624146,
                        1
                    ],
                    [
                        7,
                        -1.000000238418579,
                        -1.1950003653282693e-8,
                        5.03595494194542e-8,
                        0,
                        4.58832127847586e-9,
                        0.9486830234527588,
                        0.31622815132141113,
                        0,
                        -5.155416715751926e-8,
                        0.3162280023097992,
                        -0.9486837983131409,
                        0,
                        1.6602984942437615e-7,
                        -2.9680991172790527,
                        0.46638742089271545,
                        1
                    ],
                    [
                        7,
                        1.000000238418579,
                        5.453683229461603e-7,
                        3.869027977998485e-7,
                        0,
                        -5.453680955724849e-7,
                        0.9999998807907104,
                        -6.260110012590303e-7,
                        0,
                        -3.8690313886036165e-7,
                        6.260107738853549e-7,
                        1.000000238418579,
                        0,
                        0.0000019070630514761433,
                        -2.581024408340454,
                        -1.5675694942474365,
                        1
                    ],
                    [
                        7,
                        1.000000238418579,
                        5.453683229461603e-7,
                        3.869027977998485e-7,
                        0,
                        -5.453680955724849e-7,
                        0.9999998807907104,
                        -6.260110012590303e-7,
                        0,
                        -3.8690313886036165e-7,
                        6.260107738853549e-7,
                        1.000000238418579,
                        0,
                        0.0000012643813533941284,
                        -1.457391381263733,
                        -1.5057741403579712,
                        1
                    ]
                ],
                8,
                8,
                8,
                8,
                8,
                8,
                8,
                8,
                8,
                8,
                8,
                8,
                8,
                8,
                8,
                8,
                8,
                8,
                8,
                8
            ]
        ]
    ],
    0,
    0,
    [],
    [],
    []
]
