[
    1,
    0,
    0,
    [
        [
            "cc.Skeleton",
            [
                "_name",
                "_hash",
                "_joints",
                "_bindposes"
            ],
            0,
            12
        ]
    ],
    [
        [
            0,
            0,
            1,
            2,
            3,
            4
        ]
    ],
    [
        [
            0,
            "Skin-9",
            221968954,
            [
                "Group094/Bone438/Bone439/Bone440",
                "Group094/Bone438",
                "Group094/Bone438/Bone439"
            ],
            [
                [
                    [
                        7,
                        0.25891268253326416,
                        -0.006703170947730541,
                        0.9658774733543396,
                        0,
                        -0.0171879343688488,
                        -0.9998496174812317,
                        -0.002331547671929002,
                        0,
                        0.9657479524612427,
                        -0.015997769311070442,
                        -0.2589888870716095,
                        0,
                        -0.28069794178009033,
                        -0.008719468489289284,
                        -0.0072334841825068,
                        1
                    ],
                    [
                        7,
                        -0.00006572523852810264,
                        0.2589992582798004,
                        0.9658775329589844,
                        0,
                        0.9999575614929199,
                        0.008919183164834976,
                        -0.002323626773431897,
                        0,
                        -0.009216655045747757,
                        0.9658364057540894,
                        -0.2589888274669647,
                        0,
                        0.524581789970398,
                        -0.0005869964370504022,
                        -0.007228706032037735,
                        1
                    ],
                    [
                        7,
                        0.22016718983650208,
                        0.13640162348747253,
                        0.9658783674240112,
                        0,
                        0.5340160727500916,
                        -0.8454710841178894,
                        -0.0023286377545446157,
                        0,
                        0.816304624080658,
                        0.5163072347640991,
                        -0.2589856684207916,
                        0,
                        0.09915181994438171,
                        -0.1612491011619568,
                        -0.007232057396322489,
                        1
                    ]
                ],
                8,
                8,
                8
            ]
        ]
    ],
    0,
    0,
    [],
    [],
    []
]
