[
    1,
    0,
    0,
    [
        [
            "cc.Skeleton",
            [
                "_name",
                "_hash",
                "_joints",
                "_bindposes"
            ],
            0,
            12
        ]
    ],
    [
        [
            0,
            0,
            1,
            2,
            3,
            4
        ]
    ],
    [
        [
            0,
            "Skin-15",
            1728080913,
            [
                "Cizme/Circle021/Bone449",
                "Cizme/Circle021/Bone449/Bone450",
                "Cizme/Circle021/Bone449/Bone450/Bone451",
                "Cizme/Circle021/Bone449/Bone450/Bone451/Bone452"
            ],
            [
                [
                    [
                        7,
                        0.0129700293764472,
                        0.014645624905824661,
                        -0.9998089075088501,
                        0,
                        0.35301607847213745,
                        -0.9355721473693848,
                        -0.009125168435275555,
                        0,
                        -0.9355266690254211,
                        -0.352830171585083,
                        -0.017304563894867897,
                        0,
                        0.36201992630958557,
                        0.10905931144952774,
                        0.0017695229034870863,
                        1
                    ],
                    [
                        7,
                        0.019224174320697784,
                        0.0036032297648489475,
                        -0.9998089075088501,
                        0,
                        -0.2952924370765686,
                        -0.9553629159927368,
                        -0.009120898321270943,
                        0,
                        -0.9552132487297058,
                        0.29541122913360596,
                        -0.017302071675658226,
                        0,
                        0.036410700529813766,
                        0.10981794446706772,
                        0.001769528491422534,
                        1
                    ],
                    [
                        7,
                        0.014358950778841972,
                        -0.013292309828102589,
                        -0.9998089075088501,
                        0,
                        -0.9430689215660095,
                        -0.3324737846851349,
                        -0.009123872965574265,
                        0,
                        -0.3322889506816864,
                        0.9430191516876221,
                        -0.017309529706835747,
                        0,
                        -0.11148662865161896,
                        0.3343347907066345,
                        0.001766050816513598,
                        1
                    ],
                    [
                        7,
                        0.014358481392264366,
                        -0.013292084448039532,
                        -0.9998089075088501,
                        0,
                        -0.9430674910545349,
                        -0.33247485756874084,
                        -0.009123492985963821,
                        0,
                        -0.3322899043560028,
                        0.9430180788040161,
                        -0.01730918698012829,
                        0,
                        -0.5174853205680847,
                        0.3343345820903778,
                        0.0017666516359895468,
                        1
                    ]
                ],
                8,
                8,
                8,
                8
            ]
        ]
    ],
    0,
    0,
    [],
    [],
    []
]
