[
    1,
    0,
    0,
    [
        [
            "cc.Skeleton",
            [
                "_name",
                "_hash",
                "_joints",
                "_bindposes"
            ],
            0,
            12
        ]
    ],
    [
        [
            0,
            0,
            1,
            2,
            3,
            4
        ]
    ],
    [
        [
            0,
            "Skin-10",
            1728080913,
            [
                "Group094/Circle021/Bone449",
                "Group094/Circle021/Bone449/Bone450",
                "Group094/Circle021/Bone449/Bone450/Bone451",
                "Group094/Circle021/Bone449/Bone450/Bone451/Bone452"
            ],
            [
                [
                    [
                        7,
                        0.012974889017641544,
                        0.014645742252469063,
                        -0.9998085498809814,
                        0,
                        0.35301387310028076,
                        -0.9355736374855042,
                        -0.009123601019382477,
                        0,
                        -0.9355281591415405,
                        -0.35282790660858154,
                        -0.01730911247432232,
                        0,
                        0.3620251715183258,
                        0.10905387252569199,
                        0.0017740961629897356,
                        1
                    ],
                    [
                        7,
                        0.019231703132390976,
                        0.0036034248769283295,
                        -0.9998085498809814,
                        0,
                        -0.2952899634838104,
                        -0.9553644061088562,
                        -0.00912325456738472,
                        0,
                        -0.9552144408226013,
                        0.29540887475013733,
                        -0.017309220507740974,
                        0,
                        0.036412160843610764,
                        0.10981308668851852,
                        0.0017722374759614468,
                        1
                    ],
                    [
                        7,
                        0.01435861736536026,
                        -0.013292207382619381,
                        -0.9998085498809814,
                        0,
                        -0.9430678486824036,
                        -0.33247458934783936,
                        -0.009123578667640686,
                        0,
                        -0.3322896957397461,
                        0.9430181980133057,
                        -0.017309337854385376,
                        0,
                        -0.11148051172494888,
                        0.3343313932418823,
                        0.0017691035754978657,
                        1
                    ],
                    [
                        7,
                        0.01435865182429552,
                        -0.013292210176587105,
                        -0.9998085498809814,
                        0,
                        -0.9430679082870483,
                        -0.33247461915016174,
                        -0.009123608469963074,
                        0,
                        -0.33228975534439087,
                        0.9430182576179504,
                        -0.01730935089290142,
                        0,
                        -0.5174840092658997,
                        0.3343335688114166,
                        0.0017685075290501118,
                        1
                    ]
                ],
                8,
                8,
                8,
                8
            ]
        ]
    ],
    0,
    0,
    [],
    [],
    []
]
