[
    1,
    0,
    0,
    [
        [
            "cc.Skeleton",
            [
                "_name",
                "_hash",
                "_joints",
                "_bindposes"
            ],
            0,
            12
        ]
    ],
    [
        [
            0,
            0,
            1,
            2,
            3,
            4
        ]
    ],
    [
        [
            0,
            "Skin-15",
            1728080913,
            [
                "Cizme/Circle021/Bone449",
                "Cizme/Circle021/Bone449/Bone450",
                "Cizme/Circle021/Bone449/Bone450/Bone451",
                "Cizme/Circle021/Bone449/Bone450/Bone451/Bone452"
            ],
            [
                [
                    [
                        7,
                        0.012970022857189178,
                        0.014645620249211788,
                        -0.9998089075088501,
                        0,
                        0.353016197681427,
                        -0.9355721473693848,
                        -0.009125168435275555,
                        0,
                        -0.9355270266532898,
                        -0.352830171585083,
                        -0.017304552718997,
                        0,
                        0.3620513677597046,
                        0.1090620756149292,
                        0.0017707212828099728,
                        1
                    ],
                    [
                        7,
                        0.019224170595407486,
                        0.003603209275752306,
                        -0.9998089075088501,
                        0,
                        -0.2952924370765686,
                        -0.9553629159927368,
                        -0.009120877832174301,
                        0,
                        -0.9552132487297058,
                        0.29541122913360596,
                        -0.017302075400948524,
                        0,
                        0.036390889436006546,
                        0.10982003062963486,
                        0.0017704833298921585,
                        1
                    ],
                    [
                        7,
                        0.014358950778841972,
                        -0.013292301446199417,
                        -0.9998089075088501,
                        0,
                        -0.9430685639381409,
                        -0.3324737846851349,
                        -0.009123881347477436,
                        0,
                        -0.33228883147239685,
                        0.9430191516876221,
                        -0.0173095241189003,
                        0,
                        -0.1114877387881279,
                        0.3343346118927002,
                        0.0017669685184955597,
                        1
                    ],
                    [
                        7,
                        0.014358464628458023,
                        -0.013291281647980213,
                        -0.9998089075088501,
                        0,
                        -0.9430674910545349,
                        -0.33247485756874084,
                        -0.009123743511736393,
                        0,
                        -0.3322899043560028,
                        0.9430180788040161,
                        -0.017308425158262253,
                        0,
                        -0.5174886584281921,
                        0.3343336284160614,
                        0.0017683332553133368,
                        1
                    ]
                ],
                8,
                8,
                8,
                8
            ]
        ]
    ],
    0,
    0,
    [],
    [],
    []
]
