[
    1,
    0,
    0,
    [
        [
            "cc.Skeleton",
            [
                "_name",
                "_hash",
                "_joints",
                "_bindposes"
            ],
            0,
            12
        ]
    ],
    [
        [
            0,
            0,
            1,
            2,
            3,
            4
        ]
    ],
    [
        [
            0,
            "Skin-1",
            1958952953,
            [
                "Animirani_objekti/Group049/Bone336",
                "Animirani_objekti/Group049/Bone370",
                "Animirani_objekti/Group049/Bone370/Bone371",
                "Animirani_objekti/Group049/Bone370/Bone371/Bone372",
                "Animirani_objekti/Group049/Bone370/Bone371/Bone372/Bone373",
                "Animirani_objekti/Group049/Bone343/Bone344/Bone345/Bone346/Bone347",
                "Animirani_objekti/Group049/Bone343/Bone344/Bone345/Bone346",
                "Animirani_objekti/Group049/Bone343/Bone344/Bone345/Bone346/Bone347/Bone348",
                "Animirani_objekti/Group049/Bone343/Bone344/Bone345",
                "Animirani_objekti/Group049/Bone343/Bone344",
                "Animirani_objekti/Group049/Bone343",
                "Animirani_objekti/Group049/Bone329/Bone330/Bone331/Bone332",
                "Animirani_objekti/Group049/Bone329/Bone330/Bone331/Bone332/Bone333",
                "Animirani_objekti/Group049/Bone329/Bone330/Bone331/Bone332/Bone333/Bone334",
                "Animirani_objekti/Group049/Bone329/Bone330/Bone331",
                "Animirani_objekti/Group049/Bone329/Bone330",
                "Animirani_objekti/Group049/Bone329",
                "Animirani_objekti/Group049/Bone355",
                "Animirani_objekti/Group049/Bone355/Bone356",
                "Animirani_objekti/Group049/Bone355/Bone356/Bone357",
                "Animirani_objekti/Group049/Bone355/Bone356/Bone357/Bone358",
                "Animirani_objekti/Group049/Bone365",
                "Animirani_objekti/Group049/Bone365/Bone366",
                "Animirani_objekti/Group049/Bone365/Bone366/Bone367",
                "Animirani_objekti/Group049/Bone365/Bone366/Bone367/Bone368",
                "Animirani_objekti/Group049/Bone350",
                "Animirani_objekti/Group049/Bone350/Bone351",
                "Animirani_objekti/Group049/Bone350/Bone351/Bone352",
                "Animirani_objekti/Group049/Bone350/Bone351/Bone352/Bone353",
                "Animirani_objekti/Group049/Bone360",
                "Animirani_objekti/Group049/Bone360/Bone361",
                "Animirani_objekti/Group049/Bone360/Bone361/Bone362",
                "Animirani_objekti/Group049/Bone360/Bone361/Bone362/Bone363"
            ],
            [
                [
                    [
                        7,
                        -0.0801624059677124,
                        -0.9967813491821289,
                        0.0000015836619695619447,
                        0,
                        -0.0000026272696231899317,
                        -0.0000013774856597592589,
                        -1.0000001192092896,
                        0,
                        0.9967812895774841,
                        -0.0801624208688736,
                        -0.0000025083938908210257,
                        0,
                        -0.7776618599891663,
                        0.4537130892276764,
                        0.20118166506290436,
                        1
                    ],
                    [
                        7,
                        -0.093509241938591,
                        0.31701427698135376,
                        0.9437995553016663,
                        0,
                        0.23248492181301117,
                        -0.9147943258285522,
                        0.33030563592910767,
                        0,
                        0.9680945873260498,
                        0.25030583143234253,
                        0.01184068899601698,
                        0,
                        -0.8540264964103699,
                        0.12392666190862656,
                        -0.21709567308425903,
                        1
                    ],
                    [
                        7,
                        -0.2953374683856964,
                        0.17824053764343262,
                        0.9386193156242371,
                        0,
                        0.7684910893440247,
                        -0.5393756628036499,
                        0.3442319333553314,
                        0,
                        0.5676247477531433,
                        0.8229848742485046,
                        0.022321579977869987,
                        0,
                        -0.9049861431121826,
                        -0.6233266592025757,
                        -0.23370753228664398,
                        1
                    ],
                    [
                        7,
                        -0.36081281304359436,
                        0.06382126361131668,
                        0.9304516315460205,
                        0,
                        0.9010186195373535,
                        -0.23372258245944977,
                        0.36543020606040955,
                        0,
                        0.24079006910324097,
                        0.970206081867218,
                        0.026825951412320137,
                        0,
                        -0.853638231754303,
                        -0.9896427989006042,
                        -0.25242599844932556,
                        1
                    ],
                    [
                        7,
                        -0.3431955873966217,
                        -0.14772957563400269,
                        0.9275729656219482,
                        0,
                        0.8829448223114014,
                        0.28607985377311707,
                        0.3722453713417053,
                        0,
                        -0.3203517496585846,
                        0.9467496871948242,
                        0.03225569799542427,
                        0,
                        -0.3868814706802368,
                        -1.421508550643921,
                        -0.26515960693359375,
                        1
                    ],
                    [
                        7,
                        0.8039748668670654,
                        0.28594595193862915,
                        -0.5214011669158936,
                        0,
                        -0.491254061460495,
                        -0.17472383379936218,
                        -0.8533119559288025,
                        0,
                        -0.3351021707057953,
                        0.9421819448471069,
                        -0.0000014660057559012785,
                        0,
                        0.18466399610042572,
                        -1.5066992044448853,
                        0.16927529871463776,
                        1
                    ],
                    [
                        7,
                        0.8068258166313171,
                        -0.2777775526046753,
                        -0.5214136838912964,
                        0,
                        -0.4930146336555481,
                        0.16973240673542023,
                        -0.853303849697113,
                        0,
                        0.3255298435688019,
                        0.9455314874649048,
                        -0.000003898321210726863,
                        0,
                        -0.6413809657096863,
                        -1.2930519580841064,
                        0.16928066313266754,
                        1
                    ],
                    [
                        7,
                        0.696345329284668,
                        0.49320927262306213,
                        -0.5213900208473206,
                        0,
                        -0.4254867732524872,
                        -0.3013445734977722,
                        -0.8533183336257935,
                        0,
                        -0.5779828429222107,
                        0.816048800945282,
                        0.000014148865375318564,
                        0,
                        0.4868605434894562,
                        -1.4287655353546143,
                        0.1692453771829605,
                        1
                    ],
                    [
                        7,
                        0.2895117700099945,
                        -0.8026944994926453,
                        -0.5214060544967651,
                        0,
                        -0.17690356075763702,
                        0.49047860503196716,
                        -0.8533087372779846,
                        0,
                        0.9406850934028625,
                        0.3392814099788666,
                        -1.838457137637306e-7,
                        0,
                        -1.2164931297302246,
                        -0.3111310303211212,
                        0.16927513480186462,
                        1
                    ],
                    [
                        7,
                        -0.5018351674079895,
                        -0.6901429295539856,
                        -0.5214056968688965,
                        0,
                        0.3066408038139343,
                        0.42170509696006775,
                        -0.853308916091919,
                        0,
                        0.808784544467926,
                        -0.5881048440933228,
                        -4.621639675406186e-7,
                        0,
                        -0.5516584515571594,
                        0.8321558833122253,
                        0.16927555203437805,
                        1
                    ],
                    [
                        7,
                        -0.0858399048447609,
                        -0.8489805459976196,
                        -0.5214046835899353,
                        0,
                        0.05246371775865555,
                        0.5187582969665527,
                        -0.8533095717430115,
                        0,
                        0.9949267506599426,
                        -0.10060279816389084,
                        0.000010514890163904056,
                        0,
                        -0.771099865436554,
                        0.44078707695007324,
                        0.16926439106464386,
                        1
                    ],
                    [
                        7,
                        0.7262673377990723,
                        -0.2436378449201584,
                        0.6427874565124512,
                        0,
                        0.6094109416007996,
                        -0.20443694293498993,
                        -0.7660437822341919,
                        0,
                        0.31804701685905457,
                        0.9480748772621155,
                        -3.1727219607091683e-7,
                        0,
                        -0.485431432723999,
                        -1.5181283950805664,
                        0.2299901396036148,
                        1
                    ],
                    [
                        7,
                        0.723713219165802,
                        0.25115856528282166,
                        0.6427741646766663,
                        0,
                        0.6072431802749634,
                        0.210747629404068,
                        -0.7660555839538574,
                        0,
                        -0.32786449790000916,
                        0.9447253346443176,
                        0.000006520167062262772,
                        0,
                        0.3910040855407715,
                        -1.6162759065628052,
                        0.22998349368572235,
                        1
                    ],
                    [
                        7,
                        0.6230607628822327,
                        0.4456650912761688,
                        0.6427881121635437,
                        0,
                        0.5228090286254883,
                        0.3739616870880127,
                        -0.7660431265830994,
                        0,
                        -0.5817767381668091,
                        0.8133481740951538,
                        0.000003123193664578139,
                        0,
                        0.7050333619117737,
                        -1.4778777360916138,
                        0.2299821674823761,
                        1
                    ],
                    [
                        7,
                        0.262056440114975,
                        -0.7198262810707092,
                        0.6427874565124512,
                        0,
                        0.2198925018310547,
                        -0.6040059924125671,
                        -0.7660437822341919,
                        0,
                        0.939666748046875,
                        0.34209105372428894,
                        7.373898824880598e-7,
                        0,
                        -1.2471225261688232,
                        -0.5664235949516296,
                        0.229988694190979,
                        1
                    ],
                    [
                        7,
                        -0.45211073756217957,
                        -0.6184007525444031,
                        0.6427876949310303,
                        0,
                        -0.37936797738075256,
                        -0.5188993811607361,
                        -0.7660435438156128,
                        0,
                        0.8072645664215088,
                        -0.590190052986145,
                        -0.0000014577707361240755,
                        0,
                        -0.6691893339157104,
                        0.7207066416740417,
                        0.22999107837677002,
                        1
                    ],
                    [
                        7,
                        -0.04282292351126671,
                        -0.7648457884788513,
                        0.6427887678146362,
                        0,
                        -0.03592599928379059,
                        -0.6417837738990784,
                        -0.7660439610481262,
                        0,
                        0.998436689376831,
                        -0.055897049605846405,
                        0.000005209047685639234,
                        0,
                        -0.7861289978027344,
                        0.24029892683029175,
                        0.2299875020980835,
                        1
                    ],
                    [
                        7,
                        0.15064886212348938,
                        -0.5534372925758362,
                        0.8191538453102112,
                        0,
                        0.21516281366348267,
                        -0.7903910875320435,
                        -0.5735746026039124,
                        0,
                        0.9648886322975159,
                        0.26265987753868103,
                        0.00000761224009693251,
                        0,
                        -0.8810635209083557,
                        0.19721314311027527,
                        -0.14119656383991241,
                        1
                    ],
                    [
                        7,
                        0.4667612910270691,
                        -0.3333473205566406,
                        0.8191538453102112,
                        0,
                        0.6666117906570435,
                        -0.47607001662254333,
                        -0.573573112487793,
                        0,
                        0.5811736583709717,
                        0.8137801289558411,
                        0.0000022047718175599584,
                        0,
                        -1.0103269815444946,
                        -0.5705220103263855,
                        -0.14119288325309753,
                        1
                    ],
                    [
                        7,
                        0.5574739575386047,
                        -0.13494251668453217,
                        0.8191538453102112,
                        0,
                        0.7961620092391968,
                        -0.19271783530712128,
                        -0.5735731720924377,
                        0,
                        0.2352650910615921,
                        0.9719316959381104,
                        9.261189006792847e-7,
                        0,
                        -0.9789643883705139,
                        -1.009034514427185,
                        -0.1411852240562439,
                        1
                    ],
                    [
                        7,
                        0.5431886911392212,
                        0.18422174453735352,
                        0.8191508650779724,
                        0,
                        0.775750994682312,
                        0.2630954384803772,
                        -0.5735775828361511,
                        0,
                        -0.321180522441864,
                        0.9470180869102478,
                        2.690724159037927e-7,
                        0,
                        -0.5179285407066345,
                        -1.5222363471984863,
                        -0.14118075370788574,
                        1
                    ],
                    [
                        7,
                        0.025190407410264015,
                        -0.09405719488859177,
                        -0.9952475428581238,
                        0,
                        -0.25743937492370605,
                        0.9613754749298096,
                        -0.09737203270196915,
                        0,
                        0.9659664630889893,
                        0.2586687207221985,
                        0.0000034124193462048424,
                        0,
                        -0.815630316734314,
                        -0.05562541261315346,
                        0.33830973505973816,
                        1
                    ],
                    [
                        7,
                        0.07911135256290436,
                        -0.056751325726509094,
                        -0.9952490329742432,
                        0,
                        -0.8087279796600342,
                        0.5800692439079285,
                        -0.09736176580190659,
                        0,
                        0.5828389525413513,
                        0.812588095664978,
                        -0.000006317026418400928,
                        0,
                        -0.7878153920173645,
                        -0.7181156873703003,
                        0.33832278847694397,
                        1
                    ],
                    [
                        7,
                        0.0947393923997879,
                        -0.02250298298895359,
                        -0.9952475428581238,
                        0,
                        -0.9683046340942383,
                        0.2300063967704773,
                        -0.0973752811551094,
                        0,
                        0.2311045229434967,
                        0.9729287028312683,
                        9.238486313734029e-7,
                        0,
                        -0.7056613564491272,
                        -1.0653164386749268,
                        0.33830198645591736,
                        1
                    ],
                    [
                        7,
                        0.09219533205032349,
                        0.03137773647904396,
                        -0.9952460527420044,
                        0,
                        -0.9421555399894714,
                        -0.3207164406776428,
                        -0.09738854318857193,
                        0,
                        -0.3222479224205017,
                        0.9466553926467896,
                        -0.000005851568857906386,
                        0,
                        -0.25213173031806946,
                        -1.4169317483901978,
                        0.3383103311061859,
                        1
                    ],
                    [
                        7,
                        0.2569093406200409,
                        -0.9664356708526611,
                        3.597371005525929e-7,
                        0,
                        -3.636233714132686e-7,
                        -4.688936598995497e-7,
                        -1.0000001192092896,
                        0,
                        0.9664350748062134,
                        0.2569095492362976,
                        -4.718819752724812e-7,
                        0,
                        -0.9202243089675903,
                        0.35422927141189575,
                        0.04285021498799324,
                        1
                    ],
                    [
                        7,
                        0.8117561340332031,
                        -0.5839959979057312,
                        -0.0000014874958651489578,
                        0,
                        -0.0000019944068299082574,
                        -2.2513249575695227e-7,
                        -1.0000001192092896,
                        0,
                        0.5839964151382446,
                        0.8117557168006897,
                        -0.0000013474797242452041,
                        0,
                        -1.1204485893249512,
                        -0.46145254373550415,
                        0.04285159707069397,
                        1
                    ],
                    [
                        7,
                        0.9729139804840088,
                        -0.23116882145404816,
                        2.5407070225469397e-8,
                        0,
                        -4.777137618816596e-8,
                        -3.1096109864847676e-7,
                        -1.0000001192092896,
                        0,
                        0.23116886615753174,
                        0.9729140400886536,
                        -3.135815518362506e-7,
                        0,
                        -1.091667652130127,
                        -0.9481595158576965,
                        0.042849328368902206,
                        1
                    ],
                    [
                        7,
                        0.9497175812721252,
                        0.3131076395511627,
                        3.814681193148317e-8,
                        0,
                        1.265107840708879e-7,
                        -2.618994585645851e-7,
                        -1.0000001192092896,
                        0,
                        -0.3131076693534851,
                        0.94971764087677,
                        -2.883421075239312e-7,
                        0,
                        -0.6371638774871826,
                        -1.5055325031280518,
                        0.04285115376114845,
                        1
                    ],
                    [
                        7,
                        0.17901834845542908,
                        -0.684069812297821,
                        -0.7071070671081543,
                        0,
                        -0.17902396619319916,
                        0.6840692758560181,
                        -0.7071061134338379,
                        0,
                        0.9674205183982849,
                        0.25317418575286865,
                        -0.0000039453284443879966,
                        0,
                        -0.9139483571052551,
                        0.32355377078056335,
                        0.25325682759284973,
                        1
                    ],
                    [
                        7,
                        0.5755034685134888,
                        -0.41084548830986023,
                        -0.7071077227592468,
                        0,
                        -0.5755065679550171,
                        0.4108451306819916,
                        -0.7071054577827454,
                        0,
                        0.5810230374336243,
                        0.8138870596885681,
                        -0.000001491163857281208,
                        0,
                        -1.0901784896850586,
                        -0.48747938871383667,
                        0.25325486063957214,
                        1
                    ],
                    [
                        7,
                        0.688105583190918,
                        -0.16282802820205688,
                        -0.7071048021316528,
                        0,
                        -0.6881019473075867,
                        0.16282780468463898,
                        -0.7071083784103394,
                        0,
                        0.23027347028255463,
                        0.9731258153915405,
                        4.3496032731127343e-7,
                        0,
                        -1.0549309253692627,
                        -0.957230806350708,
                        0.2532489597797394,
                        1
                    ],
                    [
                        7,
                        0.66884845495224,
                        0.2294282615184784,
                        -0.707109808921814,
                        0,
                        -0.6688553094863892,
                        -0.22942817211151123,
                        -0.7071033716201782,
                        0,
                        -0.32446053624153137,
                        0.945899486541748,
                        0.0000016322795772794052,
                        0,
                        -0.5891876220703125,
                        -1.5034738779067993,
                        0.2532557547092438,
                        1
                    ]
                ],
                8,
                8,
                8,
                8,
                8,
                8,
                8,
                8,
                8,
                8,
                8,
                8,
                8,
                8,
                8,
                8,
                8,
                8,
                8,
                8,
                8,
                8,
                8,
                8,
                8,
                8,
                8,
                8,
                8,
                8,
                8,
                8,
                8
            ]
        ]
    ],
    0,
    0,
    [],
    [],
    []
]
