[
    1,
    0,
    0,
    [
        [
            "cc.Skeleton",
            [
                "_name",
                "_hash",
                "_joints",
                "_bindposes"
            ],
            0,
            12
        ]
    ],
    [
        [
            0,
            0,
            1,
            2,
            3,
            4
        ]
    ],
    [
        [
            0,
            "Skin-19",
            3336223033,
            [
                "Teretana/Bone375/Bone274_mirrored_001/Bone275_mirrored_001",
                "Teretana/Bone375/Bone274_mirrored_001",
                "Teretana/Bone375/Bone274_mirrored_001/Bone275_mirrored_001/Bone276_mirrored_001",
                "Teretana/Bone375/Bone274_mirrored_001/Bone275_mirrored_001/Bone276_mirrored_001/Bone277_mirrored_001",
                "Teretana/Bone375",
                "Teretana/Bone375/Bone376/Bone377",
                "Teretana/Bone375/Bone376",
                "Teretana/Bone375/Bone376/Bone377/Bone378"
            ],
            [
                [
                    [
                        7,
                        -0.974137008190155,
                        0.22596099972724915,
                        -0.0000011111300182164996,
                        0,
                        0.0000011105080375273246,
                        -1.298650431635906e-7,
                        -1,
                        0,
                        -0.22596099972724915,
                        -0.974137008190155,
                        -1.2442500008091884e-7,
                        0,
                        -0.4220874607563019,
                        0.21756388247013092,
                        0.0007875603041611612,
                        1
                    ],
                    [
                        7,
                        -0.9945859909057617,
                        0.10391499847173691,
                        -3.6805400327466486e-7,
                        0,
                        3.650163762358716e-7,
                        -4.824808641501477e-8,
                        -1,
                        0,
                        -0.10391499847173691,
                        -0.9945859909057617,
                        1.0056200316910235e-8,
                        0,
                        0.018812522292137146,
                        0.1637668013572693,
                        0.0007878942997194827,
                        1
                    ],
                    [
                        7,
                        -0.9669259786605835,
                        0.2550579905509949,
                        -0.00000436706977779977,
                        0,
                        0.000004456466285773786,
                        -2.2739578753316891e-7,
                        -1,
                        0,
                        -0.2550579905509949,
                        -0.9669259786605835,
                        -9.167820280708838e-7,
                        0,
                        -0.8429306745529175,
                        0.24293126165866852,
                        0.0007843371713533998,
                        1
                    ],
                    [
                        7,
                        -0.9669150114059448,
                        0.25509700179100037,
                        -4.664090056394343e-7,
                        0,
                        3.993028485638206e-7,
                        -3.1484751161769964e-7,
                        -1,
                        0,
                        -0.25509700179100037,
                        -0.9669150114059448,
                        2.0257000699075434e-7,
                        0,
                        -1.2305721044540405,
                        0.2429821640253067,
                        0.0007896916940808296,
                        1
                    ],
                    [
                        7,
                        0.9945859909057617,
                        0.10391200333833694,
                        -1.4334499809365298e-8,
                        0,
                        1.4901125666710868e-8,
                        -2.80573345889934e-7,
                        -1,
                        0,
                        -0.10391200333833694,
                        0.9945859909057617,
                        -2.806029897328699e-7,
                        0,
                        0.015445606783032417,
                        -0.16411928832530975,
                        0.0007878847536630929,
                        1
                    ],
                    [
                        7,
                        0.9669250249862671,
                        0.25505998730659485,
                        0.0000045579299694509245,
                        0,
                        0.000004786374120158143,
                        -2.7498177246343403e-7,
                        -1,
                        0,
                        -0.25505998730659485,
                        0.9669250249862671,
                        -0.0000014866999435980688,
                        0,
                        -0.8461988568305969,
                        -0.2437979280948639,
                        0.0007838862366043031,
                        1
                    ],
                    [
                        7,
                        0.974137008190155,
                        0.22595800459384918,
                        1.76842007704181e-8,
                        0,
                        8.230951920040752e-8,
                        -2.7658478529701824e-7,
                        -1,
                        0,
                        -0.22595800459384918,
                        0.974137008190155,
                        -2.880300087326759e-7,
                        0,
                        -0.42539286613464355,
                        -0.21833045780658722,
                        0.0007878778269514441,
                        1
                    ],
                    [
                        7,
                        0.9669259190559387,
                        0.25505900382995605,
                        -1.433440388609597e-8,
                        0,
                        5.7710085599183e-8,
                        -2.749781913280458e-7,
                        -1,
                        0,
                        -0.25505924224853516,
                        0.9669250249862671,
                        -2.8060301815457933e-7,
                        0,
                        -1.233855128288269,
                        -0.2437976747751236,
                        0.000789694779086858,
                        1
                    ]
                ],
                8,
                8,
                8,
                8,
                8,
                8,
                8,
                8
            ]
        ]
    ],
    0,
    0,
    [],
    [],
    []
]
