[
    1,
    0,
    0,
    [
        [
            "cc.Skeleton",
            [
                "_name",
                "_hash",
                "_joints",
                "_bindposes"
            ],
            0,
            12
        ]
    ],
    [
        [
            0,
            0,
            1,
            2,
            3,
            4
        ]
    ],
    [
        [
            0,
            "Skin-0",
            1212464664,
            [
                "Vitez/NOVA_Sredjnevekovna_scena_62_Cocos_combined_14:Bip001/NOVA_Sredjnevekovna_scena_62_Cocos_combined_14:Bip001 Pelvis",
                "Vitez/NOVA_Sredjnevekovna_scena_62_Cocos_combined_14:Bip001/NOVA_Sredjnevekovna_scena_62_Cocos_combined_14:Bip001 Pelvis/NOVA_Sredjnevekovna_scena_62_Cocos_combined_14:Bip001 Spine",
                "Vitez/NOVA_Sredjnevekovna_scena_62_Cocos_combined_14:Bip001/NOVA_Sredjnevekovna_scena_62_Cocos_combined_14:Bip001 Pelvis/NOVA_Sredjnevekovna_scena_62_Cocos_combined_14:Bip001 Spine/NOVA_Sredjnevekovna_scena_62_Cocos_combined_14:Bip001 Neck",
                "Vitez/NOVA_Sredjnevekovna_scena_62_Cocos_combined_14:Bip001/NOVA_Sredjnevekovna_scena_62_Cocos_combined_14:Bip001 Pelvis/NOVA_Sredjnevekovna_scena_62_Cocos_combined_14:Bip001 Spine/NOVA_Sredjnevekovna_scena_62_Cocos_combined_14:Bip001 Neck/NOVA_Sredjnevekovna_scena_62_Cocos_combined_14:Bip001 Head",
                "Vitez/NOVA_Sredjnevekovna_scena_62_Cocos_combined_14:Bip001/NOVA_Sredjnevekovna_scena_62_Cocos_combined_14:Bip001 Pelvis/NOVA_Sredjnevekovna_scena_62_Cocos_combined_14:Bip001 Spine/NOVA_Sredjnevekovna_scena_62_Cocos_combined_14:Bip001 Neck/NOVA_Sredjnevekovna_scena_62_Cocos_combined_14:Bip001 Head/NOVA_Sredjnevekovna_scena_62_Cocos_combined_14:Bip001 HeadNub",
                "Vitez/NOVA_Sredjnevekovna_scena_62_Cocos_combined_14:Bip001/NOVA_Sredjnevekovna_scena_62_Cocos_combined_14:Bip001 Pelvis/NOVA_Sredjnevekovna_scena_62_Cocos_combined_14:Bip001 Spine/NOVA_Sredjnevekovna_scena_62_Cocos_combined_14:Bip001 L Clavicle",
                "Vitez/NOVA_Sredjnevekovna_scena_62_Cocos_combined_14:Bip001/NOVA_Sredjnevekovna_scena_62_Cocos_combined_14:Bip001 Pelvis/NOVA_Sredjnevekovna_scena_62_Cocos_combined_14:Bip001 Spine/NOVA_Sredjnevekovna_scena_62_Cocos_combined_14:Bip001 L Clavicle/NOVA_Sredjnevekovna_scena_62_Cocos_combined_14:Bip001 L UpperArm",
                "Vitez/NOVA_Sredjnevekovna_scena_62_Cocos_combined_14:Bip001/NOVA_Sredjnevekovna_scena_62_Cocos_combined_14:Bip001 Pelvis/NOVA_Sredjnevekovna_scena_62_Cocos_combined_14:Bip001 Spine/NOVA_Sredjnevekovna_scena_62_Cocos_combined_14:Bip001 L Clavicle/NOVA_Sredjnevekovna_scena_62_Cocos_combined_14:Bip001 L UpperArm/NOVA_Sredjnevekovna_scena_62_Cocos_combined_14:Bip001 L Forearm",
                "Vitez/NOVA_Sredjnevekovna_scena_62_Cocos_combined_14:Bip001/NOVA_Sredjnevekovna_scena_62_Cocos_combined_14:Bip001 Pelvis/NOVA_Sredjnevekovna_scena_62_Cocos_combined_14:Bip001 Spine/NOVA_Sredjnevekovna_scena_62_Cocos_combined_14:Bip001 L Clavicle/NOVA_Sredjnevekovna_scena_62_Cocos_combined_14:Bip001 L UpperArm/NOVA_Sredjnevekovna_scena_62_Cocos_combined_14:Bip001 L Forearm/NOVA_Sredjnevekovna_scena_62_Cocos_combined_14:Bip001 L Hand",
                "Vitez/NOVA_Sredjnevekovna_scena_62_Cocos_combined_14:Bip001/NOVA_Sredjnevekovna_scena_62_Cocos_combined_14:Bip001 Pelvis/NOVA_Sredjnevekovna_scena_62_Cocos_combined_14:Bip001 Spine/NOVA_Sredjnevekovna_scena_62_Cocos_combined_14:Bip001 R Clavicle",
                "Vitez/NOVA_Sredjnevekovna_scena_62_Cocos_combined_14:Bip001/NOVA_Sredjnevekovna_scena_62_Cocos_combined_14:Bip001 Pelvis/NOVA_Sredjnevekovna_scena_62_Cocos_combined_14:Bip001 Spine/NOVA_Sredjnevekovna_scena_62_Cocos_combined_14:Bip001 R Clavicle/NOVA_Sredjnevekovna_scena_62_Cocos_combined_14:Bip001 R UpperArm",
                "Vitez/NOVA_Sredjnevekovna_scena_62_Cocos_combined_14:Bip001/NOVA_Sredjnevekovna_scena_62_Cocos_combined_14:Bip001 Pelvis/NOVA_Sredjnevekovna_scena_62_Cocos_combined_14:Bip001 Spine/NOVA_Sredjnevekovna_scena_62_Cocos_combined_14:Bip001 R Clavicle/NOVA_Sredjnevekovna_scena_62_Cocos_combined_14:Bip001 R UpperArm/NOVA_Sredjnevekovna_scena_62_Cocos_combined_14:Bip001 R Forearm",
                "Vitez/NOVA_Sredjnevekovna_scena_62_Cocos_combined_14:Bip001/NOVA_Sredjnevekovna_scena_62_Cocos_combined_14:Bip001 Pelvis/NOVA_Sredjnevekovna_scena_62_Cocos_combined_14:Bip001 Spine/NOVA_Sredjnevekovna_scena_62_Cocos_combined_14:Bip001 R Clavicle/NOVA_Sredjnevekovna_scena_62_Cocos_combined_14:Bip001 R UpperArm/NOVA_Sredjnevekovna_scena_62_Cocos_combined_14:Bip001 R Forearm/NOVA_Sredjnevekovna_scena_62_Cocos_combined_14:Bip001 R Hand",
                "Vitez/NOVA_Sredjnevekovna_scena_62_Cocos_combined_14:Bip001/NOVA_Sredjnevekovna_scena_62_Cocos_combined_14:Bip001 Pelvis/NOVA_Sredjnevekovna_scena_62_Cocos_combined_14:Bip001 L Thigh",
                "Vitez/NOVA_Sredjnevekovna_scena_62_Cocos_combined_14:Bip001/NOVA_Sredjnevekovna_scena_62_Cocos_combined_14:Bip001 Pelvis/NOVA_Sredjnevekovna_scena_62_Cocos_combined_14:Bip001 L Thigh/NOVA_Sredjnevekovna_scena_62_Cocos_combined_14:Bip001 L Calf",
                "Vitez/NOVA_Sredjnevekovna_scena_62_Cocos_combined_14:Bip001/NOVA_Sredjnevekovna_scena_62_Cocos_combined_14:Bip001 Pelvis/NOVA_Sredjnevekovna_scena_62_Cocos_combined_14:Bip001 L Thigh/NOVA_Sredjnevekovna_scena_62_Cocos_combined_14:Bip001 L Calf/NOVA_Sredjnevekovna_scena_62_Cocos_combined_14:Bip001 L Foot",
                "Vitez/NOVA_Sredjnevekovna_scena_62_Cocos_combined_14:Bip001/NOVA_Sredjnevekovna_scena_62_Cocos_combined_14:Bip001 Pelvis/NOVA_Sredjnevekovna_scena_62_Cocos_combined_14:Bip001 L Thigh/NOVA_Sredjnevekovna_scena_62_Cocos_combined_14:Bip001 L Calf/NOVA_Sredjnevekovna_scena_62_Cocos_combined_14:Bip001 L Foot/NOVA_Sredjnevekovna_scena_62_Cocos_combined_14:Bip001 L Toe0",
                "Vitez/NOVA_Sredjnevekovna_scena_62_Cocos_combined_14:Bip001/NOVA_Sredjnevekovna_scena_62_Cocos_combined_14:Bip001 Pelvis/NOVA_Sredjnevekovna_scena_62_Cocos_combined_14:Bip001 L Thigh/NOVA_Sredjnevekovna_scena_62_Cocos_combined_14:Bip001 L Calf/NOVA_Sredjnevekovna_scena_62_Cocos_combined_14:Bip001 L Foot/NOVA_Sredjnevekovna_scena_62_Cocos_combined_14:Bip001 L Toe0/NOVA_Sredjnevekovna_scena_62_Cocos_combined_14:Bip001 L Toe0Nub",
                "Vitez/NOVA_Sredjnevekovna_scena_62_Cocos_combined_14:Bip001/NOVA_Sredjnevekovna_scena_62_Cocos_combined_14:Bip001 Pelvis/NOVA_Sredjnevekovna_scena_62_Cocos_combined_14:Bip001 R Thigh",
                "Vitez/NOVA_Sredjnevekovna_scena_62_Cocos_combined_14:Bip001/NOVA_Sredjnevekovna_scena_62_Cocos_combined_14:Bip001 Pelvis/NOVA_Sredjnevekovna_scena_62_Cocos_combined_14:Bip001 R Thigh/NOVA_Sredjnevekovna_scena_62_Cocos_combined_14:Bip001 R Calf",
                "Vitez/NOVA_Sredjnevekovna_scena_62_Cocos_combined_14:Bip001/NOVA_Sredjnevekovna_scena_62_Cocos_combined_14:Bip001 Pelvis/NOVA_Sredjnevekovna_scena_62_Cocos_combined_14:Bip001 R Thigh/NOVA_Sredjnevekovna_scena_62_Cocos_combined_14:Bip001 R Calf/NOVA_Sredjnevekovna_scena_62_Cocos_combined_14:Bip001 R Foot",
                "Vitez/NOVA_Sredjnevekovna_scena_62_Cocos_combined_14:Bip001/NOVA_Sredjnevekovna_scena_62_Cocos_combined_14:Bip001 Pelvis/NOVA_Sredjnevekovna_scena_62_Cocos_combined_14:Bip001 R Thigh/NOVA_Sredjnevekovna_scena_62_Cocos_combined_14:Bip001 R Calf/NOVA_Sredjnevekovna_scena_62_Cocos_combined_14:Bip001 R Foot/NOVA_Sredjnevekovna_scena_62_Cocos_combined_14:Bip001 R Toe0",
                "Vitez/NOVA_Sredjnevekovna_scena_62_Cocos_combined_14:Bip001/NOVA_Sredjnevekovna_scena_62_Cocos_combined_14:Bip001 Pelvis/NOVA_Sredjnevekovna_scena_62_Cocos_combined_14:Bip001 R Thigh/NOVA_Sredjnevekovna_scena_62_Cocos_combined_14:Bip001 R Calf/NOVA_Sredjnevekovna_scena_62_Cocos_combined_14:Bip001 R Foot/NOVA_Sredjnevekovna_scena_62_Cocos_combined_14:Bip001 R Toe0/NOVA_Sredjnevekovna_scena_62_Cocos_combined_14:Bip001 R Toe0Nub"
            ],
            [
                [
                    [
                        7,
                        0.0000013987289548822446,
                        0.0000027577023047342664,
                        1.0000001192092896,
                        0,
                        -5.960485793821135e-8,
                        -1.0000001192092896,
                        0.0000027577023047342664,
                        0,
                        1.0000005960464478,
                        -5.96087375015486e-8,
                        -0.0000013987292959427577,
                        0,
                        -0.2893107235431671,
                        0.019328728318214417,
                        3.5261376751805074e-7,
                        1
                    ],
                    [
                        7,
                        9.771963505045278e-8,
                        -0.0000014026916232978692,
                        1.0000001192092896,
                        0,
                        -0.0007963967509567738,
                        -1.0000001192092896,
                        -0.0000014026128383193281,
                        0,
                        1.0000005960464478,
                        -0.0007963970419950783,
                        -9.883670770705066e-8,
                        0,
                        -0.33365511894226074,
                        0.019707927480340004,
                        6.165416976955385e-8,
                        1
                    ],
                    [
                        7,
                        5.146914645592915e-7,
                        -0.0000015063433238537982,
                        1.0000001192092896,
                        0,
                        -0.38144195079803467,
                        -0.9243919253349304,
                        -0.0000011961287782469299,
                        0,
                        0.9243922829627991,
                        -0.3814420998096466,
                        -0.000001050361447596515,
                        0,
                        -0.44249624013900757,
                        0.20613928139209747,
                        5.395457947088289e-7,
                        1
                    ],
                    [
                        7,
                        4.869750114266935e-8,
                        -0.0000014068115206100629,
                        1.0000001192092896,
                        0,
                        -0.07747901976108551,
                        -0.9969927668571472,
                        -0.0000013988113778395928,
                        0,
                        0.9969931840896606,
                        -0.0774790495634079,
                        -1.5754990556615667e-7,
                        0,
                        -0.5091835260391235,
                        0.0453045479953289,
                        7.511930988357562e-8,
                        1
                    ],
                    [
                        7,
                        4.869730574341702e-8,
                        -0.0000014068140217204927,
                        1.0000001192092896,
                        0,
                        -0.07747901976108551,
                        -0.9969927668571472,
                        -0.0000013988139926368603,
                        0,
                        0.9969931840896606,
                        -0.0774790495634079,
                        -1.5754990556615667e-7,
                        0,
                        -0.6066300272941589,
                        0.04530452936887741,
                        6.951400877142078e-8,
                        1
                    ],
                    [
                        7,
                        0.9647322297096252,
                        -0.07334424555301666,
                        0.2528022825717926,
                        0,
                        0.07094843685626984,
                        0.9973077178001404,
                        0.018592162057757378,
                        0,
                        -0.2534869611263275,
                        -5.309910875439527e-7,
                        0.967331051826477,
                        0,
                        0.09134258329868317,
                        -0.017403559759259224,
                        -0.45462897419929504,
                        1
                    ],
                    [
                        7,
                        0.7775906324386597,
                        -0.0000018366265521763125,
                        0.6287665963172913,
                        0,
                        0.06277269124984741,
                        0.9950039386749268,
                        -0.07762663811445236,
                        0,
                        -0.6256294250488281,
                        0.09983178228139877,
                        0.7737017869949341,
                        0,
                        0.20988419651985168,
                        -0.06835752725601196,
                        -0.3987494111061096,
                        1
                    ],
                    [
                        7,
                        0.7620880007743835,
                        0.15448112785816193,
                        0.6287691593170166,
                        0,
                        -0.13615432381629944,
                        0.9876405000686646,
                        -0.07762730121612549,
                        0,
                        -0.6329941749572754,
                        -0.02645099349319935,
                        0.7736992239952087,
                        0,
                        0.10438137501478195,
                        -0.0485893152654171,
                        -0.39874935150146484,
                        1
                    ],
                    [
                        7,
                        0.770930290222168,
                        -0.628687858581543,
                        0.10202642530202866,
                        0,
                        -0.06767728924751282,
                        0.07842075079679489,
                        0.9946204423904419,
                        0,
                        -0.6333084106445312,
                        -0.7736865282058716,
                        0.01790921576321125,
                        0,
                        0.011203079484403133,
                        0.3987102806568146,
                        -0.049798544496297836,
                        1
                    ],
                    [
                        7,
                        -0.96473228931427,
                        0.07334145903587341,
                        0.2528020441532135,
                        0,
                        0.07094573229551315,
                        0.9973077178001404,
                        -0.018591467291116714,
                        0,
                        -0.25348660349845886,
                        -5.626908432532218e-7,
                        -0.967331051826477,
                        0,
                        0.09134231507778168,
                        -0.01740354672074318,
                        0.4546290338039398,
                        1
                    ],
                    [
                        7,
                        -0.7775905728340149,
                        -9.8366751899448e-7,
                        0.6287665963172913,
                        0,
                        0.06277049332857132,
                        0.9950039386749268,
                        0.07762841880321503,
                        0,
                        -0.6256294250488281,
                        0.09983178228139877,
                        -0.7737017869949341,
                        0,
                        0.20988424122333527,
                        -0.06835757195949554,
                        0.39874929189682007,
                        1
                    ],
                    [
                        7,
                        -0.7620862126350403,
                        -0.15448428690433502,
                        0.6287690997123718,
                        0,
                        -0.136156365275383,
                        0.9876405000686646,
                        0.07762940227985382,
                        0,
                        -0.632993221282959,
                        -0.02645086869597435,
                        -0.7736992239952087,
                        0,
                        0.10438059270381927,
                        -0.04858950898051262,
                        0.39874938130378723,
                        1
                    ],
                    [
                        7,
                        -0.7709301114082336,
                        0.628687858581543,
                        0.10202895104885101,
                        0,
                        -0.06767934560775757,
                        0.07842220366001129,
                        -0.9946204423904419,
                        0,
                        -0.6333086490631104,
                        -0.7736865282058716,
                        -0.01790902391076088,
                        0,
                        0.01120347436517477,
                        0.3987101912498474,
                        0.049798499792814255,
                        1
                    ],
                    [
                        7,
                        0.0851501077413559,
                        0.03994173929095268,
                        -0.9955678582191467,
                        0,
                        -0.04135102778673172,
                        -0.9981916546821594,
                        -0.0435839407145977,
                        0,
                        -0.9955098032951355,
                        0.044878844171762466,
                        -0.08334476500749588,
                        0,
                        0.28506654500961304,
                        0.004553528036922216,
                        0.06873322278261185,
                        1
                    ],
                    [
                        7,
                        0.07598305493593216,
                        0.05542963743209839,
                        -0.9955678582191467,
                        0,
                        0.14954230189323425,
                        -0.9877929091453552,
                        -0.043583713471889496,
                        0,
                        -0.9858323931694031,
                        -0.14556756615638733,
                        -0.08334475755691528,
                        0,
                        0.12954412400722504,
                        0.029774148017168045,
                        0.06873321533203125,
                        1
                    ],
                    [
                        7,
                        5.9009675368315584e-8,
                        0.0000013302965271577705,
                        -1.0000001192092896,
                        0,
                        3.895834765899053e-8,
                        -1.0000001192092896,
                        -0.0000013302965271577705,
                        0,
                        -1.0000005960464478,
                        -3.8958287262857993e-8,
                        -5.900974997530284e-8,
                        0,
                        0.04336196929216385,
                        0.027355048805475235,
                        0.0642116367816925,
                        1
                    ],
                    [
                        7,
                        0.000001450865170227189,
                        0,
                        -1.0000001192092896,
                        0,
                        -1.0000001192092896,
                        -1.6292088389491255e-7,
                        -0.000001450865170227189,
                        0,
                        -1.6292095494918613e-7,
                        1.0000005960464478,
                        -2.3637632107741113e-13,
                        0,
                        -0.06448546051979065,
                        -0.0022054892033338547,
                        0.0642116367816925,
                        1
                    ],
                    [
                        7,
                        0.000001442252028027724,
                        0,
                        -1.0000001192092896,
                        0,
                        -1.0000001192092896,
                        -1.6292088389491255e-7,
                        -0.000001442252028027724,
                        0,
                        -1.6292095494918613e-7,
                        1.0000005960464478,
                        -2.3497303820556315e-13,
                        0,
                        -0.06859710067510605,
                        -0.0022054691798985004,
                        0.0642116367816925,
                        1
                    ],
                    [
                        7,
                        -0.08515024930238724,
                        -0.03993894159793854,
                        -0.9955678582191467,
                        0,
                        -0.04135115444660187,
                        -0.9981942176818848,
                        0.043581049889326096,
                        0,
                        -0.9955098032951355,
                        0.044878844171762466,
                        0.08334502577781677,
                        0,
                        0.28506651520729065,
                        0.004553528036922216,
                        -0.06873326003551483,
                        1
                    ],
                    [
                        7,
                        -0.07598327100276947,
                        -0.05542708933353424,
                        -0.9955678582191467,
                        0,
                        0.1495412141084671,
                        -0.9877954125404358,
                        0.04358110949397087,
                        0,
                        -0.9858323931694031,
                        -0.14556705951690674,
                        0.08334452658891678,
                        0,
                        0.12954413890838623,
                        0.029774228110909462,
                        -0.06873318552970886,
                        1
                    ],
                    [
                        7,
                        1.6213347464599792e-7,
                        0.0000013142564512236277,
                        -1.0000001192092896,
                        0,
                        -3.265551740128103e-8,
                        -1.0000001192092896,
                        -0.0000013142564512236277,
                        0,
                        -1.0000005960464478,
                        3.2655744774956474e-8,
                        -1.6213348885685264e-7,
                        0,
                        0.04336201027035713,
                        0.027355197817087173,
                        -0.0642116442322731,
                        1
                    ],
                    [
                        7,
                        0.0000014105554555499111,
                        1.490138679116626e-8,
                        -1.0000001192092896,
                        0,
                        -1.0000001192092896,
                        -1.6292086968405783e-7,
                        -0.0000014105554555499111,
                        0,
                        -1.6292095494918613e-7,
                        1.0000005960464478,
                        1.4901162970204496e-8,
                        0,
                        -0.06448536366224289,
                        -0.002205509226769209,
                        -0.0642116516828537,
                        1
                    ],
                    [
                        7,
                        0.0000014105554555499111,
                        1.4901411660162012e-8,
                        -1.0000001192092896,
                        0,
                        -1.0000001192092896,
                        -1.6292086968405783e-7,
                        -0.0000014105554555499111,
                        0,
                        -1.6292095494918613e-7,
                        1.0000005960464478,
                        1.4901187839200247e-8,
                        0,
                        -0.06859703361988068,
                        -0.002205529250204563,
                        -0.0642116442322731,
                        1
                    ]
                ],
                8,
                8,
                8,
                8,
                8,
                8,
                8,
                8,
                8,
                8,
                8,
                8,
                8,
                8,
                8,
                8,
                8,
                8,
                8,
                8,
                8,
                8,
                8
            ]
        ]
    ],
    0,
    0,
    [],
    [],
    []
]
