[
    1,
    0,
    0,
    [
        [
            "cc.Skeleton",
            [
                "_name",
                "_hash",
                "_joints",
                "_bindposes"
            ],
            0,
            12
        ]
    ],
    [
        [
            0,
            0,
            1,
            2,
            3,
            4
        ]
    ],
    [
        [
            0,
            "Skin-14",
            3872861470,
            [
                "Cizme/Circle020/Bone445",
                "Cizme/Circle020/Bone445/Bone446",
                "Cizme/Circle020/Bone445/Bone446/Bone447",
                "Cizme/Circle020/Bone445/Bone446/Bone447/Bone448"
            ],
            [
                [
                    [
                        7,
                        -0.030960483476519585,
                        -0.1484905630350113,
                        -0.9884293675422668,
                        0,
                        0.4717915952205658,
                        -0.8739771842956543,
                        0.11651873588562012,
                        0,
                        -0.8811665177345276,
                        -0.4627249836921692,
                        0.09711537510156631,
                        0,
                        0.38574835658073425,
                        0.0878562182188034,
                        0.01258643064647913,
                        1
                    ],
                    [
                        7,
                        -0.11895547807216644,
                        -0.09412667155265808,
                        -0.9884282946586609,
                        0,
                        -0.19812718033790588,
                        -0.9732261896133423,
                        0.11652315407991409,
                        0,
                        -0.9729321599006653,
                        0.20969544351100922,
                        0.09712142497301102,
                        0,
                        0.04012997820973396,
                        0.08091160655021667,
                        0.012607226148247719,
                        1
                    ],
                    [
                        7,
                        -0.14756134152412415,
                        0.035103172063827515,
                        -0.9884304404258728,
                        0,
                        -0.8868539929389954,
                        -0.4471178650856018,
                        0.11651819944381714,
                        0,
                        -0.4378546178340912,
                        0.8937861919403076,
                        0.09710869938135147,
                        0,
                        -0.13807187974452972,
                        0.3057074546813965,
                        0.012601158581674099,
                        1
                    ],
                    [
                        7,
                        -0.147565558552742,
                        0.035106904804706573,
                        -0.9884293675422668,
                        0,
                        -0.886851966381073,
                        -0.44711893796920776,
                        0.11652033776044846,
                        0,
                        -0.4378544092178345,
                        0.8937851190567017,
                        0.09711411595344543,
                        0,
                        -0.5332373976707458,
                        0.30571305751800537,
                        0.01260415930300951,
                        1
                    ]
                ],
                8,
                8,
                8,
                8
            ]
        ]
    ],
    0,
    0,
    [],
    [],
    []
]
