[
    1,
    0,
    0,
    [
        [
            "cc.Skeleton",
            [
                "_name",
                "_hash",
                "_joints",
                "_bindposes"
            ],
            0,
            12
        ]
    ],
    [
        [
            0,
            0,
            1,
            2,
            3,
            4
        ]
    ],
    [
        [
            0,
            "Skin-0",
            3592082292,
            [
                "Group036/Bone375/Bone274(mirrored)001/Bone275(mirrored)001",
                "Group036/Bone375/Bone274(mirrored)001",
                "Group036/Bone375/Bone274(mirrored)001/Bone275(mirrored)001/Bone276(mirrored)001",
                "Group036/Bone375/Bone274(mirrored)001/Bone275(mirrored)001/Bone276(mirrored)001/Bone277(mirrored)001",
                "Group036/Bone375",
                "Group036/Bone375/Bone376/Bone377",
                "Group036/Bone375/Bone376",
                "Group036/Bone375/Bone376/Bone377/Bone378"
            ],
            [
                [
                    [
                        7,
                        -0.974137008190155,
                        0.22595873475074768,
                        -3.603409197694418e-7,
                        0,
                        3.3978466262851725e-7,
                        -1.298653131698302e-7,
                        -1,
                        0,
                        -0.22595874965190887,
                        -0.9741369485855103,
                        4.972928735469395e-8,
                        0,
                        -0.42208781838417053,
                        0.21756336092948914,
                        0.0007880554185248911,
                        1
                    ],
                    [
                        7,
                        -0.9945865869522095,
                        0.10391277074813843,
                        3.87559779824187e-8,
                        0,
                        -4.400774145096875e-8,
                        -4.824733323971486e-8,
                        -1,
                        0,
                        -0.10391277819871902,
                        -0.9945865273475647,
                        5.2559101959559484e-8,
                        0,
                        0.01881202682852745,
                        0.16376492381095886,
                        0.0007882183417677879,
                        1
                    ],
                    [
                        7,
                        -0.9669252634048462,
                        0.255060076713562,
                        -2.981076931973803e-7,
                        0,
                        2.4831601308505924e-7,
                        -2.2741585326002678e-7,
                        -1,
                        0,
                        -0.255060076713562,
                        -0.9669252038002014,
                        1.5655862739549775e-7,
                        0,
                        -0.8429303169250488,
                        0.24293334782123566,
                        0.0007877203170210123,
                        1
                    ],
                    [
                        7,
                        -0.9669153690338135,
                        0.2550971508026123,
                        -4.664091761696909e-7,
                        0,
                        3.9930307593749603e-7,
                        -3.1484816531701654e-7,
                        -1,
                        0,
                        -0.25509709119796753,
                        -0.9669155478477478,
                        2.025704475272505e-7,
                        0,
                        -1.230571985244751,
                        0.2429814487695694,
                        0.000787901459261775,
                        1
                    ],
                    [
                        7,
                        0.9945865273475647,
                        0.1039121001958847,
                        -1.4334449183195375e-8,
                        0,
                        1.4901161193847656e-8,
                        -2.8057311851625855e-7,
                        -1,
                        0,
                        -0.1039121001958847,
                        0.9945865273475647,
                        -2.8060264867235674e-7,
                        0,
                        0.01544448547065258,
                        -0.16411751508712769,
                        0.0007882733480073512,
                        1
                    ],
                    [
                        7,
                        0.9669255614280701,
                        0.2550590932369232,
                        -1.4334438525054338e-8,
                        0,
                        5.77099186216401e-8,
                        -2.749779923760798e-7,
                        -1,
                        0,
                        -0.2550590932369232,
                        0.9669255614280701,
                        -2.8060264867235674e-7,
                        0,
                        -0.8461980819702148,
                        -0.24379600584506989,
                        0.0007882452919147909,
                        1
                    ],
                    [
                        7,
                        0.9741368889808655,
                        0.22595861554145813,
                        -1.4334441189589597e-8,
                        0,
                        4.944087805824893e-8,
                        -2.765843873930862e-7,
                        -1,
                        0,
                        -0.22595861554145813,
                        0.9741368889808655,
                        -2.8060264867235674e-7,
                        0,
                        -0.4253920018672943,
                        -0.21833014488220215,
                        0.0007882664212957025,
                        1
                    ],
                    [
                        7,
                        0.9669256210327148,
                        0.2550588846206665,
                        -1.433443319598382e-8,
                        0,
                        5.7709872436362275e-8,
                        -2.749780207977892e-7,
                        -1,
                        0,
                        -0.2550588846206665,
                        0.9669256210327148,
                        -2.8060264867235674e-7,
                        0,
                        -1.2338556051254272,
                        -0.24379655718803406,
                        0.0007882229401730001,
                        1
                    ]
                ],
                8,
                8,
                8,
                8,
                8,
                8,
                8,
                8
            ]
        ]
    ],
    0,
    0,
    [],
    [],
    []
]
