[
    1,
    0,
    0,
    [
        [
            "cc.Skeleton",
            [
                "_name",
                "_hash",
                "_joints",
                "_bindposes"
            ],
            0,
            12
        ]
    ],
    [
        [
            0,
            0,
            1,
            2,
            3,
            4
        ]
    ],
    [
        [
            0,
            "Skin-11",
            3332518569,
            [
                "Animirani_objekti/Group115/Point010/Bone471",
                "Animirani_objekti/Group115/Point010/Bone471/Bone472",
                "Animirani_objekti/Group115/Point010/Bone471/Bone472/Bone473",
                "Animirani_objekti/Group115/Point010/Bone471/Bone472/Bone473/Bone474"
            ],
            [
                [
                    [
                        7,
                        0.9884740114212036,
                        -0.15139000117778778,
                        0.000013943100384494755,
                        0,
                        0.000014072106750973035,
                        -2.1920321557900024e-7,
                        -1,
                        0,
                        0.15139000117778778,
                        0.9884740114212036,
                        0.0000019137000890623312,
                        0,
                        0.06759487092494965,
                        0.016569916158914566,
                        0.00001456872996641323,
                        1
                    ],
                    [
                        7,
                        0.9995409846305847,
                        0.030290400609374046,
                        -0.000004917810201732209,
                        0,
                        -0.000004913298653264064,
                        -2.2333917115702207e-7,
                        -1,
                        0,
                        -0.030290400609374046,
                        0.9995409846305847,
                        -7.44108987760228e-8,
                        0,
                        -0.0031420625746250153,
                        0.01627352088689804,
                        0.000014575971363228746,
                        1
                    ],
                    [
                        7,
                        0.9898070096969604,
                        -0.1424199938774109,
                        1.1092600260553809e-7,
                        0,
                        1.5004336262336437e-7,
                        2.639223737332941e-7,
                        -1,
                        0,
                        0.1424199938774109,
                        0.9898070096969604,
                        2.8260100748411787e-7,
                        0,
                        -0.09787653386592865,
                        0.03363494575023651,
                        0.000014068449672777206,
                        1
                    ],
                    [
                        7,
                        0.9898059964179993,
                        -0.14242200553417206,
                        -3.1857400051293894e-10,
                        0,
                        3.594674069518078e-8,
                        2.5205989118148864e-7,
                        -1,
                        0,
                        0.14242200553417206,
                        0.9898059964179993,
                        2.546100006384222e-7,
                        0,
                        -0.17394320666790009,
                        0.03363735228776932,
                        0.000014422093954635784,
                        1
                    ]
                ],
                8,
                8,
                8,
                8
            ]
        ]
    ],
    0,
    0,
    [],
    [],
    []
]
