[
    1,
    0,
    0,
    [
        [
            "cc.Skeleton",
            [
                "_name",
                "_hash",
                "_joints",
                "_bindposes"
            ],
            0,
            12
        ]
    ],
    [
        [
            0,
            0,
            1,
            2,
            3,
            4
        ]
    ],
    [
        [
            0,
            "Skin-14",
            3872861470,
            [
                "Cizme/Circle020/Bone445",
                "Cizme/Circle020/Bone445/Bone446",
                "Cizme/Circle020/Bone445/Bone446/Bone447",
                "Cizme/Circle020/Bone445/Bone446/Bone447/Bone448"
            ],
            [
                [
                    [
                        7,
                        -0.0309602003544569,
                        -0.14849057793617249,
                        -0.9884293675422668,
                        0,
                        0.4717915654182434,
                        -0.8739771842956543,
                        0.11651888489723206,
                        0,
                        -0.8811665177345276,
                        -0.4627249836921692,
                        0.09711512923240662,
                        0,
                        0.3857577443122864,
                        0.08785426616668701,
                        0.012592427432537079,
                        1
                    ],
                    [
                        7,
                        -0.11895547807216644,
                        -0.09412667155265808,
                        -0.9884282946586609,
                        0,
                        -0.19812718033790588,
                        -0.9732261896133423,
                        0.11652315407991409,
                        0,
                        -0.9729321599006653,
                        0.20969544351100922,
                        0.09712142497301102,
                        0,
                        0.04014128819108009,
                        0.08090995997190475,
                        0.012613075785338879,
                        1
                    ],
                    [
                        7,
                        -0.14756138622760773,
                        0.03510348126292229,
                        -0.9884304404258728,
                        0,
                        -0.8868539929389954,
                        -0.4471178948879242,
                        0.11651810258626938,
                        0,
                        -0.4378545880317688,
                        0.8937861323356628,
                        0.09710899740457535,
                        0,
                        -0.13806961476802826,
                        0.3057076334953308,
                        0.012601180002093315,
                        1
                    ],
                    [
                        7,
                        -0.147565558552742,
                        0.03510726988315582,
                        -0.9884294271469116,
                        0,
                        -0.8868522644042969,
                        -0.44711872935295105,
                        0.11652019619941711,
                        0,
                        -0.43785420060157776,
                        0.893785297870636,
                        0.09711439907550812,
                        0,
                        -0.5332390069961548,
                        0.3057156205177307,
                        0.01260281540453434,
                        1
                    ]
                ],
                8,
                8,
                8,
                8
            ]
        ]
    ],
    0,
    0,
    [],
    [],
    []
]
