[
    1,
    0,
    0,
    [
        [
            "cc.Skeleton",
            [
                "_name",
                "_hash",
                "_joints",
                "_bindposes"
            ],
            0,
            12
        ]
    ],
    [
        [
            0,
            0,
            1,
            2,
            3,
            4
        ]
    ],
    [
        [
            0,
            "Skin-12",
            2882273620,
            [
                "Animirani_objekti/Group115/Point011/Bone475",
                "Animirani_objekti/Group115/Point011/Bone475/Bone476",
                "Animirani_objekti/Group115/Point011/Bone475/Bone476/Bone477",
                "Animirani_objekti/Group115/Point011/Bone475/Bone476/Bone477/Bone478"
            ],
            [
                [
                    [
                        7,
                        0.9902269840240479,
                        -0.13946300745010376,
                        -0.000011852999705297407,
                        0,
                        -0.000012026670447085053,
                        -4.025473856472672e-7,
                        -1,
                        0,
                        0.13946299254894257,
                        0.9902269840240479,
                        -0.000002075890051855822,
                        0,
                        0.12674692273139954,
                        0.0312524139881134,
                        -0.00006948057853151113,
                        1
                    ],
                    [
                        7,
                        0.9996910095214844,
                        0.024866199120879173,
                        0.000002283200046804268,
                        0,
                        0.0000022950143829802983,
                        -4.465619269922172e-7,
                        -1,
                        0,
                        -0.024866199120879173,
                        0.9996910095214844,
                        -5.034920036450785e-7,
                        0,
                        -0.0007634285720996559,
                        0.031553965061903,
                        -0.00006942847539903596,
                        1
                    ],
                    [
                        7,
                        0.9911770224571228,
                        -0.1325480043888092,
                        0.000002608210024845903,
                        0,
                        0.0000025776166694413405,
                        -4.0240280441139475e-7,
                        -1,
                        0,
                        0.1325480043888092,
                        0.9911770224571228,
                        -5.7194398550564074e-8,
                        0,
                        -0.18203170597553253,
                        0.06091764569282532,
                        -0.00006947855581529438,
                        1
                    ],
                    [
                        7,
                        0.9911749958992004,
                        -0.1325560063123703,
                        -2.0854000126746541e-7,
                        0,
                        -2.6471289515939134e-7,
                        -4.061454887960281e-7,
                        -1,
                        0,
                        0.1325560063123703,
                        0.9911749958992004,
                        -4.376510105430498e-7,
                        0,
                        -0.3236251473426819,
                        0.06092187389731407,
                        -0.00006837264663772658,
                        1
                    ]
                ],
                8,
                8,
                8,
                8
            ]
        ]
    ],
    0,
    0,
    [],
    [],
    []
]
