[
    1,
    0,
    0,
    [
        [
            "cc.Skeleton",
            [
                "_name",
                "_hash",
                "_joints",
                "_bindposes"
            ],
            0,
            12
        ]
    ],
    [
        [
            0,
            0,
            1,
            2,
            3,
            4
        ]
    ],
    [
        [
            0,
            "Skin-14",
            3872861470,
            [
                "Cizme/Circle020/Bone445",
                "Cizme/Circle020/Bone445/Bone446",
                "Cizme/Circle020/Bone445/Bone446/Bone447",
                "Cizme/Circle020/Bone445/Bone446/Bone447/Bone448"
            ],
            [
                [
                    [
                        7,
                        -0.030962781980633736,
                        -0.1484893411397934,
                        -0.9884294867515564,
                        0,
                        0.47176793217658997,
                        -0.8739901185035706,
                        0.11651919782161713,
                        0,
                        -0.8811794519424438,
                        -0.46270129084587097,
                        0.09711364656686783,
                        0,
                        0.38576942682266235,
                        0.08784551173448563,
                        0.012614223174750805,
                        1
                    ],
                    [
                        7,
                        -0.11896326392889023,
                        -0.09412543475627899,
                        -0.9884272217750549,
                        0,
                        -0.19813276827335358,
                        -0.9732251167297363,
                        0.1165241077542305,
                        0,
                        -0.9729298949241638,
                        0.20970191061496735,
                        0.09712856262922287,
                        0,
                        0.040157899260520935,
                        0.08090600371360779,
                        0.012609276920557022,
                        1
                    ],
                    [
                        7,
                        -0.1475733369588852,
                        0.035107363015413284,
                        -0.9884282350540161,
                        0,
                        -0.886854350566864,
                        -0.4471147358417511,
                        0.1165274903178215,
                        0,
                        -0.4378494918346405,
                        0.8937882781028748,
                        0.09711726009845734,
                        0,
                        -0.1380624771118164,
                        0.3057110607624054,
                        0.012609452940523624,
                        1
                    ],
                    [
                        7,
                        -0.1475653350353241,
                        0.035105787217617035,
                        -0.9884293675422668,
                        0,
                        -0.886851966381073,
                        -0.4471189081668854,
                        0.11652062088251114,
                        0,
                        -0.437854528427124,
                        0.8937851190567017,
                        0.09711300581693649,
                        0,
                        -0.53323894739151,
                        0.30571097135543823,
                        0.012599973939359188,
                        1
                    ]
                ],
                8,
                8,
                8,
                8
            ]
        ]
    ],
    0,
    0,
    [],
    [],
    []
]
