[
    1,
    0,
    0,
    [
        [
            "cc.Skeleton",
            [
                "_name",
                "_hash",
                "_joints",
                "_bindposes"
            ],
            0,
            12
        ]
    ],
    [
        [
            0,
            0,
            1,
            2,
            3,
            4
        ]
    ],
    [
        [
            0,
            "Skin-7",
            2516334859,
            [
                "anim2_pile/anim2_Root",
                "anim2_pile/anim2_Root/anim2_Hips",
                "anim2_pile/anim2_Root/anim2_Hips/anim2_Leg_L1",
                "anim2_pile/anim2_Root/anim2_Hips/anim2_Leg_L1/anim2_Leg_L2",
                "anim2_pile/anim2_Root/anim2_Hips/anim2_Leg_L1/anim2_Leg_L2/anim2_Leg_L3",
                "anim2_pile/anim2_Root/anim2_Hips/anim2_Leg_R1",
                "anim2_pile/anim2_Root/anim2_Hips/anim2_Leg_R1/anim2_Leg_R2",
                "anim2_pile/anim2_Root/anim2_Hips/anim2_Leg_R1/anim2_Leg_R2/anim2_Leg_R3",
                "anim2_pile/anim2_Root/anim2_Hips/anim2_Tail_1",
                "anim2_pile/anim2_Root/anim2_Hips/anim2_Tail_1/anim2_Tail_2",
                "anim2_pile/anim2_Root/anim2_Hips/anim2_Breasts1",
                "anim2_pile/anim2_Root/anim2_Hips/anim2_Breasts1/anim2_Breasts2",
                "anim2_pile/anim2_Root/anim2_Hips/anim2_Breasts1/anim2_Head_1",
                "anim2_pile/anim2_Root/anim2_Hips/anim2_Breasts1/anim2_Head_1/anim2_Head_2",
                "anim2_pile/anim2_Root/anim2_Hips/anim2_Breasts1/anim2_Head_1/anim2_Head_2/anim2_Feather_1",
                "anim2_pile/anim2_Root/anim2_Hips/anim2_Breasts1/anim2_Head_1/anim2_Head_2/anim2_Feather_1/anim2_Feather_2"
            ],
            [
                [
                    [
                        7,
                        1,
                        0,
                        0,
                        0,
                        0,
                        0.979852020740509,
                        -0.19972600042819977,
                        0,
                        0,
                        0.19972600042819977,
                        0.979852020740509,
                        0,
                        0.004371639806777239,
                        -0.7554265856742859,
                        0.17457245290279388,
                        1
                    ],
                    [
                        7,
                        -1,
                        -4.678248167288594e-18,
                        2.601319992745488e-10,
                        0,
                        -1.3173652446685225e-10,
                        0.8622859716415405,
                        -0.5064219832420349,
                        0,
                        -2.2430809987206146e-10,
                        -0.5064219832420349,
                        -0.8622859716415405,
                        0,
                        -0.004371639806777239,
                        -0.6770552396774292,
                        0.2032206654548645,
                        1
                    ],
                    [
                        7,
                        1,
                        -3.7963399091012207e-10,
                        -2.5796499159014274e-8,
                        0,
                        2.5796499159014274e-8,
                        -2.7100199861962437e-9,
                        1,
                        0,
                        -3.796340741768489e-10,
                        -1,
                        -2.7100199861962437e-9,
                        0,
                        -0.3121723532676697,
                        -0.16029828786849976,
                        -0.47761332988739014,
                        1
                    ],
                    [
                        7,
                        1,
                        -2.709769963971098e-9,
                        5.1716298798965e-8,
                        0,
                        -5.118785040281182e-8,
                        -0.20321600139141083,
                        0.9791340231895447,
                        0,
                        7.856350237034349e-9,
                        -0.9791340231895447,
                        -0.20321600139141083,
                        0,
                        -0.25165054202079773,
                        -0.05481686815619469,
                        -0.057926781475543976,
                        1
                    ],
                    [
                        7,
                        1,
                        0,
                        0,
                        0,
                        0,
                        -0.9989029765129089,
                        0.04682359844446182,
                        0,
                        0,
                        -0.04682359844446182,
                        -0.9989029765129089,
                        0,
                        -0.32906585931777954,
                        0.04289640113711357,
                        0.15406817197799683,
                        1
                    ],
                    [
                        7,
                        1,
                        2.4315000013430677e-10,
                        -8.030299980532618e-9,
                        0,
                        8.030299980532618e-9,
                        -1.7357298931486298e-9,
                        1,
                        0,
                        2.4314997237873115e-10,
                        -1,
                        -1.7357298931486298e-9,
                        0,
                        0.3198090195655823,
                        -0.16029828786849976,
                        -0.47761332988739014,
                        1
                    ],
                    [
                        7,
                        1,
                        6.080429670873855e-8,
                        8.437100262881359e-8,
                        0,
                        -7.025409587413378e-8,
                        -0.20321600139141083,
                        0.9791340231895447,
                        0,
                        7.668108281677632e-8,
                        -0.9791340231895447,
                        -0.20321600139141083,
                        0,
                        0.2592872083187103,
                        -0.05481686070561409,
                        -0.05792674049735069,
                        1
                    ],
                    [
                        7,
                        1,
                        0,
                        0,
                        0,
                        0,
                        -0.9989029765129089,
                        0.04682359844446182,
                        0,
                        0,
                        -0.04682359844446182,
                        -0.9989029765129089,
                        0,
                        0.3367025852203369,
                        0.04289640113711357,
                        0.15406817197799683,
                        1
                    ],
                    [
                        7,
                        1,
                        -8.688790131827773e-8,
                        1.3694399780828093e-10,
                        0,
                        4.226201255619344e-8,
                        0.4850189983844757,
                        -0.874504029750824,
                        0,
                        7.591734174638987e-8,
                        0.874504029750824,
                        0.4850189983844757,
                        0,
                        0.004371639806777239,
                        0.07311636209487915,
                        0.7995729446411133,
                        1
                    ],
                    [
                        7,
                        1,
                        -8.688790131827773e-8,
                        -6.815725877812428e-24,
                        0,
                        4.2142254130794754e-8,
                        0.4850189983844757,
                        -0.874504029750824,
                        0,
                        7.598376328132872e-8,
                        0.874504029750824,
                        0.4850189983844757,
                        0,
                        0.004371630027890205,
                        0.3261086344718933,
                        0.9651706218719482,
                        1
                    ],
                    [
                        7,
                        -1,
                        -2.107339902579497e-8,
                        1.6538193037263227e-10,
                        0,
                        -5.5896314243852885e-9,
                        0.2576630115509033,
                        -0.9662349820137024,
                        0,
                        2.0319237847843397e-8,
                        -0.9662349820137024,
                        -0.2576630115509033,
                        0,
                        -0.00437165005132556,
                        -0.16680756211280823,
                        0.9165123105049133,
                        1
                    ],
                    [
                        7,
                        1,
                        -4.358180039076842e-9,
                        0,
                        0,
                        4.358180039076842e-9,
                        1,
                        -1.747000055729586e-8,
                        0,
                        7.613740273108e-17,
                        1.747000055729586e-8,
                        1,
                        0,
                        0.004371639806777239,
                        -0.5722156167030334,
                        -0.5159274339675903,
                        1
                    ],
                    [
                        7,
                        -1,
                        -2.125280040843336e-8,
                        -1.5873498071528047e-9,
                        0,
                        -6.624216286610363e-9,
                        0.38075000047683716,
                        -0.9246780276298523,
                        0,
                        2.025638146108122e-8,
                        -0.9246780276298523,
                        -0.38075000047683716,
                        0,
                        -0.004371639806777239,
                        -0.23417142033576965,
                        1.1391462087631226,
                        1
                    ],
                    [
                        7,
                        -1,
                        -1.1645820419126096e-10,
                        2.2867299165341137e-9,
                        0,
                        -1.5108815587527857e-10,
                        0.9998850226402283,
                        -0.015149700455367565,
                        0,
                        -2.284703759514173e-9,
                        -0.015149700455367565,
                        -0.9998850226402283,
                        0,
                        -0.004371639806777239,
                        -1.2308158874511719,
                        0.4924665093421936,
                        1
                    ],
                    [
                        7,
                        1,
                        -1.1647099951161977e-10,
                        -1.1836399638198714e-9,
                        0,
                        1.1647091624489292e-10,
                        1,
                        -7.350779895887172e-8,
                        0,
                        1.1836399638198714e-9,
                        7.350779895887172e-8,
                        1,
                        0,
                        0.004371639806777239,
                        -1.6919829845428467,
                        -0.376315176486969,
                        1
                    ],
                    [
                        7,
                        1,
                        -1.1647099951161977e-10,
                        -7.703719777548943e-34,
                        0,
                        1.1647099951161977e-10,
                        1,
                        -3.1970198932640415e-8,
                        0,
                        3.723601090292676e-18,
                        3.1970198932640415e-8,
                        1,
                        0,
                        0.004371639806777239,
                        -1.9749141931533813,
                        -0.18198196589946747,
                        1
                    ]
                ],
                8,
                8,
                8,
                8,
                8,
                8,
                8,
                8,
                8,
                8,
                8,
                8,
                8,
                8,
                8,
                8
            ]
        ]
    ],
    0,
    0,
    [],
    [],
    []
]
