[
    1,
    0,
    0,
    [
        [
            "cc.Skeleton",
            [
                "_name",
                "_hash",
                "_joints",
                "_bindposes"
            ],
            0,
            12
        ]
    ],
    [
        [
            0,
            0,
            1,
            2,
            3,
            4
        ]
    ],
    [
        [
            0,
            "Skin-1",
            4088239975,
            [
                "Animirani_objekti/Group049/Bone336",
                "Animirani_objekti/Group049/Bone370",
                "Animirani_objekti/Group049/Bone370/Bone371",
                "Animirani_objekti/Group049/Bone370/Bone371/Bone372",
                "Animirani_objekti/Group049/Bone370/Bone371/Bone372/Bone373",
                "Animirani_objekti/Group049/Bone343/Bone344/Bone345/Bone346/Bone347",
                "Animirani_objekti/Group049/Bone343/Bone344/Bone345/Bone346",
                "Animirani_objekti/Group049/Bone343/Bone344/Bone345/Bone346/Bone347/Bone348",
                "Animirani_objekti/Group049/Bone343/Bone344/Bone345",
                "Animirani_objekti/Group049/Bone343/Bone344",
                "Animirani_objekti/Group049/Bone343",
                "Animirani_objekti/Group049/Bone329/Bone330/Bone331/Bone332",
                "Animirani_objekti/Group049/Bone329/Bone330/Bone331/Bone332/Bone333",
                "Animirani_objekti/Group049/Bone329/Bone330/Bone331/Bone332/Bone333/Bone334",
                "Animirani_objekti/Group049/Bone329/Bone330/Bone331",
                "Animirani_objekti/Group049/Bone329/Bone330",
                "Animirani_objekti/Group049/Bone329",
                "Animirani_objekti/Group049/Bone355",
                "Animirani_objekti/Group049/Bone355/Bone356",
                "Animirani_objekti/Group049/Bone355/Bone356/Bone357",
                "Animirani_objekti/Group049/Bone355/Bone356/Bone357/Bone358",
                "Animirani_objekti/Group049/Bone365",
                "Animirani_objekti/Group049/Bone365/Bone366",
                "Animirani_objekti/Group049/Bone365/Bone366/Bone367",
                "Animirani_objekti/Group049/Bone365/Bone366/Bone367/Bone368",
                "Animirani_objekti/Group049/Bone350",
                "Animirani_objekti/Group049/Bone350/Bone351",
                "Animirani_objekti/Group049/Bone350/Bone351/Bone352",
                "Animirani_objekti/Group049/Bone350/Bone351/Bone352/Bone353",
                "Animirani_objekti/Group049/Bone360",
                "Animirani_objekti/Group049/Bone360/Bone361",
                "Animirani_objekti/Group049/Bone360/Bone361/Bone362",
                "Animirani_objekti/Group049/Bone360/Bone361/Bone362/Bone363"
            ],
            [
                [
                    [
                        7,
                        -0.0801624059677124,
                        -0.9967813491821289,
                        0.0000015836619695619447,
                        0,
                        -0.0000026029733817267697,
                        -0.0000013794395954391803,
                        -1.0000001192092896,
                        0,
                        0.9967813491821289,
                        -0.0801624208688736,
                        -0.0000024840192054398358,
                        0,
                        -0.7776623368263245,
                        0.4537167549133301,
                        0.20118527114391327,
                        1
                    ],
                    [
                        7,
                        -0.09350895881652832,
                        0.31701433658599854,
                        0.943799614906311,
                        0,
                        0.23248502612113953,
                        -0.9147943258285522,
                        0.3303056061267853,
                        0,
                        0.9680945873260498,
                        0.25030583143234253,
                        0.011840380728244781,
                        0,
                        -0.8540250658988953,
                        0.12392743676900864,
                        -0.21709240972995758,
                        1
                    ],
                    [
                        7,
                        -0.2953369915485382,
                        0.17824116349220276,
                        0.9386193156242371,
                        0,
                        0.768491804599762,
                        -0.5393749475479126,
                        0.34423181414604187,
                        0,
                        0.5676246881484985,
                        0.8229848742485046,
                        0.02232048474252224,
                        0,
                        -0.9049880504608154,
                        -0.6233282685279846,
                        -0.2337033748626709,
                        1
                    ],
                    [
                        7,
                        -0.36081287264823914,
                        0.063820980489254,
                        0.9304516315460205,
                        0,
                        0.9010186195373535,
                        -0.23372270166873932,
                        0.36543020606040955,
                        0,
                        0.24079006910324097,
                        0.970206081867218,
                        0.026826269924640656,
                        0,
                        -0.8536322712898254,
                        -0.9896411895751953,
                        -0.25242918729782104,
                        1
                    ],
                    [
                        7,
                        -0.3431949317455292,
                        -0.14773163199424744,
                        0.927573025226593,
                        0,
                        0.8829454779624939,
                        0.286079078912735,
                        0.37224528193473816,
                        0,
                        -0.32035186886787415,
                        0.9467496871948242,
                        0.032258041203022,
                        0,
                        -0.38688167929649353,
                        -1.4215086698532104,
                        -0.2651607394218445,
                        1
                    ],
                    [
                        7,
                        0.8039755821228027,
                        0.2859453856945038,
                        -0.5214011669158936,
                        0,
                        -0.49125412106513977,
                        -0.17472447454929352,
                        -0.8533119559288025,
                        0,
                        -0.33510223031044006,
                        0.9421819448471069,
                        -0.000002370872607571073,
                        0,
                        0.18465837836265564,
                        -1.5066994428634644,
                        0.16927972435951233,
                        1
                    ],
                    [
                        7,
                        0.8068260550498962,
                        -0.27777642011642456,
                        -0.5214139223098755,
                        0,
                        -0.493014395236969,
                        0.16973380744457245,
                        -0.8533037304878235,
                        0,
                        0.32552963495254517,
                        0.9455314874649048,
                        -0.0000021199339244049042,
                        0,
                        -0.6413773894309998,
                        -1.293051838874817,
                        0.1692812293767929,
                        1
                    ],
                    [
                        7,
                        0.6963456273078918,
                        0.49320894479751587,
                        -0.5213900208473206,
                        0,
                        -0.4254862368106842,
                        -0.3013451099395752,
                        -0.8533186316490173,
                        0,
                        -0.5779828429222107,
                        0.816048800945282,
                        0.00001324681579717435,
                        0,
                        0.4868592619895935,
                        -1.4287620782852173,
                        0.169252410531044,
                        1
                    ],
                    [
                        7,
                        0.289511501789093,
                        -0.8026944398880005,
                        -0.5214059948921204,
                        0,
                        -0.17690376937389374,
                        0.49047863483428955,
                        -0.8533084392547607,
                        0,
                        0.9406847953796387,
                        0.3392814099788666,
                        -4.745413946238841e-7,
                        0,
                        -1.2164949178695679,
                        -0.31113189458847046,
                        0.16927549242973328,
                        1
                    ],
                    [
                        7,
                        -0.501835286617279,
                        -0.6901432871818542,
                        -0.5214052200317383,
                        0,
                        0.30664071440696716,
                        0.42170459032058716,
                        -0.8533092737197876,
                        0,
                        0.8087846636772156,
                        -0.5881048440933228,
                        -2.1906190283971227e-7,
                        0,
                        -0.5516577363014221,
                        0.8321620225906372,
                        0.16927817463874817,
                        1
                    ],
                    [
                        7,
                        -0.08583991974592209,
                        -0.8489805459976196,
                        -0.5214048027992249,
                        0,
                        0.05246369168162346,
                        0.518758237361908,
                        -0.8533098101615906,
                        0,
                        0.9949267506599426,
                        -0.10060279816389084,
                        0.000010490184649825096,
                        0,
                        -0.7711004018783569,
                        0.44078728556632996,
                        0.1692696362733841,
                        1
                    ],
                    [
                        7,
                        0.726267397403717,
                        -0.24363777041435242,
                        0.6427874565124512,
                        0,
                        0.6094108819961548,
                        -0.2044370174407959,
                        -0.7660437822341919,
                        0,
                        0.3180469870567322,
                        0.9480748772621155,
                        -4.248069558343559e-7,
                        0,
                        -0.4854397475719452,
                        -1.5181275606155396,
                        0.22999167442321777,
                        1
                    ],
                    [
                        7,
                        0.723713219165802,
                        0.25115856528282166,
                        0.6427741646766663,
                        0,
                        0.6072431802749634,
                        0.2107476145029068,
                        -0.7660555839538574,
                        0,
                        -0.32786449790000916,
                        0.9447253346443176,
                        0.00000649418825560133,
                        0,
                        0.39100226759910583,
                        -1.6162769794464111,
                        0.22998455166816711,
                        1
                    ],
                    [
                        7,
                        0.6230607628822327,
                        0.4456651210784912,
                        0.6427881121635437,
                        0,
                        0.5228090286254883,
                        0.3739616572856903,
                        -0.7660431265830994,
                        0,
                        -0.5817767381668091,
                        0.8133481740951538,
                        0.0000031086317449080525,
                        0,
                        0.7050320506095886,
                        -1.4778797626495361,
                        0.22998319566249847,
                        1
                    ],
                    [
                        7,
                        0.262056440114975,
                        -0.7198262810707092,
                        0.6427874565124512,
                        0,
                        0.21989251673221588,
                        -0.6040059924125671,
                        -0.7660437822341919,
                        0,
                        0.939666748046875,
                        0.34209105372428894,
                        7.515209290431812e-7,
                        0,
                        -1.247111439704895,
                        -0.5664207339286804,
                        0.2299894243478775,
                        1
                    ],
                    [
                        7,
                        -0.45211073756217957,
                        -0.6184007525444031,
                        0.6427876949310303,
                        0,
                        -0.3793679475784302,
                        -0.5188993811607361,
                        -0.7660435438156128,
                        0,
                        0.8072645664215088,
                        -0.590190052986145,
                        -0.0000014410386484087212,
                        0,
                        -0.6691847443580627,
                        0.7207084894180298,
                        0.2299923151731491,
                        1
                    ],
                    [
                        7,
                        -0.04282292351126671,
                        -0.7648457884788513,
                        0.6427887678146362,
                        0,
                        -0.03592599928379059,
                        -0.6417837738990784,
                        -0.7660439610481262,
                        0,
                        0.998436689376831,
                        -0.055897049605846405,
                        0.0000052090813369432,
                        0,
                        -0.7861285209655762,
                        0.24030159413814545,
                        0.22998857498168945,
                        1
                    ],
                    [
                        7,
                        0.15064886212348938,
                        -0.5534372925758362,
                        0.8191538453102112,
                        0,
                        0.21516281366348267,
                        -0.7903910875320435,
                        -0.5735746026039124,
                        0,
                        0.9648886322975159,
                        0.26265987753868103,
                        0.000007609944077557884,
                        0,
                        -0.8810572624206543,
                        0.19721436500549316,
                        -0.141196146607399,
                        1
                    ],
                    [
                        7,
                        0.4667613208293915,
                        -0.33334729075431824,
                        0.8191538453102112,
                        0,
                        0.6666116714477539,
                        -0.4760701358318329,
                        -0.573573112487793,
                        0,
                        0.5811737179756165,
                        0.8137801289558411,
                        0.0000020722161480080104,
                        0,
                        -1.0103232860565186,
                        -0.5705198049545288,
                        -0.14119158685207367,
                        1
                    ],
                    [
                        7,
                        0.5574739575386047,
                        -0.13494262099266052,
                        0.8191538453102112,
                        0,
                        0.7961620092391968,
                        -0.19271773099899292,
                        -0.5735731720924377,
                        0,
                        0.23526506125926971,
                        0.9719316959381104,
                        0.0000010765196520878817,
                        0,
                        -0.9789696335792542,
                        -1.0090341567993164,
                        -0.14118535816669464,
                        1
                    ],
                    [
                        7,
                        0.5431885719299316,
                        0.18422184884548187,
                        0.8191508650779724,
                        0,
                        0.7757508754730225,
                        0.26309534907341003,
                        -0.5735775828361511,
                        0,
                        -0.32118043303489685,
                        0.9470180869102478,
                        1.2119808445731906e-7,
                        0,
                        -0.5179293751716614,
                        -1.5222371816635132,
                        -0.1411806046962738,
                        1
                    ],
                    [
                        7,
                        0.02519054338335991,
                        -0.09405715763568878,
                        -0.9952475428581238,
                        0,
                        -0.25743937492370605,
                        0.9613754749298096,
                        -0.09737203270196915,
                        0,
                        0.9659664630889893,
                        0.2586687207221985,
                        0.000003553352371454821,
                        0,
                        -0.8156288266181946,
                        -0.05562949553132057,
                        0.33831512928009033,
                        1
                    ],
                    [
                        7,
                        0.0791115015745163,
                        -0.05675112456083298,
                        -0.9952490329742432,
                        0,
                        -0.8087279200553894,
                        0.5800693035125732,
                        -0.09736176580190659,
                        0,
                        0.5828389525413513,
                        0.812588095664978,
                        -0.0000060684678828692995,
                        0,
                        -0.7878127694129944,
                        -0.7181177139282227,
                        0.3383254110813141,
                        1
                    ],
                    [
                        7,
                        0.09473907947540283,
                        -0.022504253312945366,
                        -0.9952475428581238,
                        0,
                        -0.9683046340942383,
                        0.23000642657279968,
                        -0.09737526625394821,
                        0,
                        0.23110467195510864,
                        0.9729287028312683,
                        -3.7500609550988884e-7,
                        0,
                        -0.7056666612625122,
                        -1.0653159618377686,
                        0.3383025825023651,
                        1
                    ],
                    [
                        7,
                        0.09219549596309662,
                        0.03137673810124397,
                        -0.9952460527420044,
                        0,
                        -0.9421553015708923,
                        -0.3207165598869324,
                        -0.09738840162754059,
                        0,
                        -0.32224783301353455,
                        0.9466553926467896,
                        -0.000006860258508822881,
                        0,
                        -0.2521294057369232,
                        -1.4169329404830933,
                        0.33831480145454407,
                        1
                    ],
                    [
                        7,
                        0.2569093406200409,
                        -0.9664356708526611,
                        3.5973715739601175e-7,
                        0,
                        -6.408827744053269e-7,
                        -5.425982294582354e-7,
                        -1.0000001192092896,
                        0,
                        0.9664350748062134,
                        0.2569095492362976,
                        -7.587708523715264e-7,
                        0,
                        -0.9202364087104797,
                        0.35423633456230164,
                        0.04285672307014465,
                        1
                    ],
                    [
                        7,
                        0.8117561340332031,
                        -0.5839959979057312,
                        -0.0000014874958651489578,
                        0,
                        -0.0000019825415620289277,
                        -2.086396335698737e-7,
                        -1.0000001192092896,
                        0,
                        0.5839964151382446,
                        0.8117557168006897,
                        -0.0000013271621810417855,
                        0,
                        -1.1204460859298706,
                        -0.46145692467689514,
                        0.04285402595996857,
                        1
                    ],
                    [
                        7,
                        0.9729139804840088,
                        -0.23116882145404816,
                        2.5407068449112558e-8,
                        0,
                        -1.2192805343147484e-7,
                        -6.230622489056259e-7,
                        -1.0000001192092896,
                        0,
                        0.23116886615753174,
                        0.9729140400886536,
                        -6.343717018353345e-7,
                        0,
                        -1.091671109199524,
                        -0.9481515884399414,
                        0.04285245016217232,
                        1
                    ],
                    [
                        7,
                        0.9497169256210327,
                        0.3131076395511627,
                        -8.757098868272806e-8,
                        0,
                        1.3722096525725647e-7,
                        -6.959020311114728e-7,
                        -1.0000001192092896,
                        0,
                        -0.313107430934906,
                        0.94971764087677,
                        -7.03875571161916e-7,
                        0,
                        -0.6371662020683289,
                        -1.50552237033844,
                        0.04285425692796707,
                        1
                    ],
                    [
                        7,
                        0.17901834845542908,
                        -0.684069812297821,
                        -0.7071070671081543,
                        0,
                        -0.17902396619319916,
                        0.6840692758560181,
                        -0.7071061134338379,
                        0,
                        0.9674205183982849,
                        0.25317418575286865,
                        -0.0000039453288991353475,
                        0,
                        -0.913948118686676,
                        0.3235529661178589,
                        0.25325947999954224,
                        1
                    ],
                    [
                        7,
                        0.5755034685134888,
                        -0.41084548830986023,
                        -0.7071077227592468,
                        0,
                        -0.5755065679550171,
                        0.4108451306819916,
                        -0.7071054577827454,
                        0,
                        0.5810230374336243,
                        0.8138870596885681,
                        -0.0000014911588550603483,
                        0,
                        -1.0901777744293213,
                        -0.4874798655509949,
                        0.25325754284858704,
                        1
                    ],
                    [
                        7,
                        0.688105583190918,
                        -0.16282802820205688,
                        -0.7071048021316528,
                        0,
                        -0.6881019473075867,
                        0.16282780468463898,
                        -0.7071083784103394,
                        0,
                        0.23027347028255463,
                        0.9731258153915405,
                        4.3497016122273635e-7,
                        0,
                        -1.0549302101135254,
                        -0.9572309851646423,
                        0.2532516121864319,
                        1
                    ],
                    [
                        7,
                        0.66884845495224,
                        0.2294282615184784,
                        -0.707109808921814,
                        0,
                        -0.6688553094863892,
                        -0.22942817211151123,
                        -0.7071033716201782,
                        0,
                        -0.32446053624153137,
                        0.945899486541748,
                        0.0000016322745750585455,
                        0,
                        -0.5891867876052856,
                        -1.5034736394882202,
                        0.25325843691825867,
                        1
                    ]
                ],
                8,
                8,
                8,
                8,
                8,
                8,
                8,
                8,
                8,
                8,
                8,
                8,
                8,
                8,
                8,
                8,
                8,
                8,
                8,
                8,
                8,
                8,
                8,
                8,
                8,
                8,
                8,
                8,
                8,
                8,
                8,
                8,
                8
            ]
        ]
    ],
    0,
    0,
    [],
    [],
    []
]
