[
    1,
    0,
    0,
    [
        [
            "cc.Skeleton",
            [
                "_name",
                "_hash",
                "_joints",
                "_bindposes"
            ],
            0,
            12
        ]
    ],
    [
        [
            0,
            0,
            1,
            2,
            3,
            4
        ]
    ],
    [
        [
            0,
            "Skin-1",
            1988139737,
            [
                "Animirani_objekti/Group049/Bone336",
                "Animirani_objekti/Group049/Bone370",
                "Animirani_objekti/Group049/Bone370/Bone371",
                "Animirani_objekti/Group049/Bone370/Bone371/Bone372",
                "Animirani_objekti/Group049/Bone370/Bone371/Bone372/Bone373",
                "Animirani_objekti/Group049/Bone343/Bone344/Bone345/Bone346/Bone347",
                "Animirani_objekti/Group049/Bone343/Bone344/Bone345/Bone346",
                "Animirani_objekti/Group049/Bone343/Bone344/Bone345/Bone346/Bone347/Bone348",
                "Animirani_objekti/Group049/Bone343/Bone344/Bone345",
                "Animirani_objekti/Group049/Bone343/Bone344",
                "Animirani_objekti/Group049/Bone343",
                "Animirani_objekti/Group049/Bone329/Bone330/Bone331/Bone332",
                "Animirani_objekti/Group049/Bone329/Bone330/Bone331/Bone332/Bone333",
                "Animirani_objekti/Group049/Bone329/Bone330/Bone331/Bone332/Bone333/Bone334",
                "Animirani_objekti/Group049/Bone329/Bone330/Bone331",
                "Animirani_objekti/Group049/Bone329/Bone330",
                "Animirani_objekti/Group049/Bone329",
                "Animirani_objekti/Group049/Bone355",
                "Animirani_objekti/Group049/Bone355/Bone356",
                "Animirani_objekti/Group049/Bone355/Bone356/Bone357",
                "Animirani_objekti/Group049/Bone355/Bone356/Bone357/Bone358",
                "Animirani_objekti/Group049/Bone365",
                "Animirani_objekti/Group049/Bone365/Bone366",
                "Animirani_objekti/Group049/Bone365/Bone366/Bone367",
                "Animirani_objekti/Group049/Bone365/Bone366/Bone367/Bone368",
                "Animirani_objekti/Group049/Bone350",
                "Animirani_objekti/Group049/Bone350/Bone351",
                "Animirani_objekti/Group049/Bone350/Bone351/Bone352",
                "Animirani_objekti/Group049/Bone350/Bone351/Bone352/Bone353",
                "Animirani_objekti/Group049/Bone360",
                "Animirani_objekti/Group049/Bone360/Bone361",
                "Animirani_objekti/Group049/Bone360/Bone361/Bone362",
                "Animirani_objekti/Group049/Bone360/Bone361/Bone362/Bone363"
            ],
            [
                [
                    [
                        7,
                        -0.0801624059677124,
                        -0.9967813491821289,
                        0.0000015836619695619447,
                        0,
                        -0.0000025948745587811572,
                        -0.0000013800909073324874,
                        -1.0000001192092896,
                        0,
                        0.9967813491821289,
                        -0.0801624208688736,
                        -0.0000024758942345215473,
                        0,
                        -0.7776623964309692,
                        0.453717976808548,
                        0.20118647813796997,
                        1
                    ],
                    [
                        7,
                        -0.09350886195898056,
                        0.31701433658599854,
                        0.943799614906311,
                        0,
                        0.2324850708246231,
                        -0.9147943258285522,
                        0.3303055763244629,
                        0,
                        0.9680945873260498,
                        0.25030583143234253,
                        0.011840282008051872,
                        0,
                        -0.8540247678756714,
                        0.12392787635326385,
                        -0.21709145605564117,
                        1
                    ],
                    [
                        7,
                        -0.29533687233924866,
                        0.1782413274049759,
                        0.9386193156242371,
                        0,
                        0.7684918642044067,
                        -0.5393748879432678,
                        0.34423181414604187,
                        0,
                        0.5676246881484985,
                        0.8229848742485046,
                        0.022320272400975227,
                        0,
                        -0.9049884676933289,
                        -0.6233288645744324,
                        -0.23370276391506195,
                        1
                    ],
                    [
                        7,
                        -0.3608129024505615,
                        0.06382088363170624,
                        0.9304516315460205,
                        0,
                        0.9010186195373535,
                        -0.2337227314710617,
                        0.36543020606040955,
                        0,
                        0.24079006910324097,
                        0.970206081867218,
                        0.02682637609541416,
                        0,
                        -0.8536306023597717,
                        -0.9896419644355774,
                        -0.252430260181427,
                        1
                    ],
                    [
                        7,
                        -0.3431948125362396,
                        -0.1477324366569519,
                        0.9275729656219482,
                        0,
                        0.8829455971717834,
                        0.286078542470932,
                        0.3722454011440277,
                        0,
                        -0.3203516900539398,
                        0.9467496871948242,
                        0.03225899115204811,
                        0,
                        -0.3868800103664398,
                        -1.421507716178894,
                        -0.2651619613170624,
                        1
                    ],
                    [
                        7,
                        0.8039757013320923,
                        0.28594475984573364,
                        -0.5214012861251831,
                        0,
                        -0.49125397205352783,
                        -0.1747252494096756,
                        -0.8533118963241577,
                        0,
                        -0.3351021111011505,
                        0.9421819448471069,
                        -0.000003349594180690474,
                        0,
                        0.18465757369995117,
                        -1.5066990852355957,
                        0.16928234696388245,
                        1
                    ],
                    [
                        7,
                        0.8068262934684753,
                        -0.27777528762817383,
                        -0.5214141607284546,
                        0,
                        -0.4930141568183899,
                        0.16973525285720825,
                        -0.8533035516738892,
                        0,
                        0.32552942633628845,
                        0.9455314874649048,
                        -2.906582778905431e-7,
                        0,
                        -0.6413737535476685,
                        -1.2930513620376587,
                        0.16927987337112427,
                        1
                    ],
                    [
                        7,
                        0.6963456869125366,
                        0.4932088553905487,
                        -0.5213900208473206,
                        0,
                        -0.42548611760139465,
                        -0.30134525895118713,
                        -0.8533186316490173,
                        0,
                        -0.5779828429222107,
                        0.816048800945282,
                        0.000013035357369517442,
                        0,
                        0.4868592619895935,
                        -1.4287611246109009,
                        0.16925381124019623,
                        1
                    ],
                    [
                        7,
                        0.28951144218444824,
                        -0.8026944398880005,
                        -0.5214060544967651,
                        0,
                        -0.1769038289785385,
                        0.49047863483428955,
                        -0.8533084392547607,
                        0,
                        0.9406847953796387,
                        0.3392814099788666,
                        -5.425488325272454e-7,
                        0,
                        -1.216495156288147,
                        -0.31113201379776,
                        0.16927635669708252,
                        1
                    ],
                    [
                        7,
                        -0.5018352270126343,
                        -0.690143346786499,
                        -0.5214052200317383,
                        0,
                        0.3066408932209015,
                        0.4217044711112976,
                        -0.8533092737197876,
                        0,
                        0.8087846636772156,
                        -0.5881048440933228,
                        3.1286018220555434e-9,
                        0,
                        -0.551654577255249,
                        0.8321598172187805,
                        0.1692786067724228,
                        1
                    ],
                    [
                        7,
                        -0.08583992719650269,
                        -0.8489805459976196,
                        -0.5214048027992249,
                        0,
                        0.05246368795633316,
                        0.518758237361908,
                        -0.8533098101615906,
                        0,
                        0.9949267506599426,
                        -0.10060279816389084,
                        0.00001048263584380038,
                        0,
                        -0.7711001634597778,
                        0.4407871663570404,
                        0.16927064955234528,
                        1
                    ],
                    [
                        7,
                        0.726267397403717,
                        -0.24363774061203003,
                        0.6427874565124512,
                        0,
                        0.6094108819961548,
                        -0.2044370472431183,
                        -0.7660437822341919,
                        0,
                        0.3180469870567322,
                        0.9480748772621155,
                        -4.60450650052735e-7,
                        0,
                        -0.48544254899024963,
                        -1.5181273221969604,
                        0.22999218106269836,
                        1
                    ],
                    [
                        7,
                        0.723713219165802,
                        0.25115859508514404,
                        0.6427741646766663,
                        0,
                        0.6072431802749634,
                        0.2107476145029068,
                        -0.7660555839538574,
                        0,
                        -0.32786449790000916,
                        0.9447253346443176,
                        0.000006485528501798399,
                        0,
                        0.39100170135498047,
                        -1.6162774562835693,
                        0.22998489439487457,
                        1
                    ],
                    [
                        7,
                        0.6230607628822327,
                        0.4456651210784912,
                        0.6427881121635437,
                        0,
                        0.5228090286254883,
                        0.3739616870880127,
                        -0.7660431265830994,
                        0,
                        -0.5817767977714539,
                        0.8133481740951538,
                        0.000003103987410213449,
                        0,
                        0.70503169298172,
                        -1.4778801202774048,
                        0.22998352348804474,
                        1
                    ],
                    [
                        7,
                        0.262056440114975,
                        -0.7198262810707092,
                        0.6427874565124512,
                        0,
                        0.21989251673221588,
                        -0.6040059924125671,
                        -0.7660437822341919,
                        0,
                        0.939666748046875,
                        0.34209105372428894,
                        7.562312589470821e-7,
                        0,
                        -1.247107744216919,
                        -0.5664197206497192,
                        0.2299896627664566,
                        1
                    ],
                    [
                        7,
                        -0.45211073756217957,
                        -0.6184007525444031,
                        0.6427876949310303,
                        0,
                        -0.3793679475784302,
                        -0.5188993811607361,
                        -0.7660435438156128,
                        0,
                        0.8072645664215088,
                        -0.590190052986145,
                        -0.0000014354612858369364,
                        0,
                        -0.6691831946372986,
                        0.7207091450691223,
                        0.22999271750450134,
                        1
                    ],
                    [
                        7,
                        -0.04282292351126671,
                        -0.7648457884788513,
                        0.6427887678146362,
                        0,
                        -0.03592599928379059,
                        -0.6417837738990784,
                        -0.7660439610481262,
                        0,
                        0.998436689376831,
                        -0.055897049605846405,
                        0.00000520909179613227,
                        0,
                        -0.7861284017562866,
                        0.24030250310897827,
                        0.2299889326095581,
                        1
                    ],
                    [
                        7,
                        0.15064886212348938,
                        -0.5534372925758362,
                        0.8191538453102112,
                        0,
                        0.21516281366348267,
                        -0.7903910875320435,
                        -0.5735746026039124,
                        0,
                        0.9648886322975159,
                        0.26265987753868103,
                        0.000007609178737766342,
                        0,
                        -0.8810551166534424,
                        0.1972147822380066,
                        -0.14119601249694824,
                        1
                    ],
                    [
                        7,
                        0.46676135063171387,
                        -0.33334726095199585,
                        0.8191538453102112,
                        0,
                        0.6666116714477539,
                        -0.4760701358318329,
                        -0.573573112487793,
                        0,
                        0.5811737179756165,
                        0.8137801289558411,
                        0.000002028310063906247,
                        0,
                        -1.0103222131729126,
                        -0.5705193877220154,
                        -0.14119115471839905,
                        1
                    ],
                    [
                        7,
                        0.55747389793396,
                        -0.1349426507949829,
                        0.8191538453102112,
                        0,
                        0.7961620092391968,
                        -0.19271770119667053,
                        -0.5735731720924377,
                        0,
                        0.23526506125926971,
                        0.9719316959381104,
                        0.0000011248109785810811,
                        0,
                        -0.9789713025093079,
                        -1.0090339183807373,
                        -0.14118538796901703,
                        1
                    ],
                    [
                        7,
                        0.5431885123252869,
                        0.18422186374664307,
                        0.8191508650779724,
                        0,
                        0.7757508754730225,
                        0.26309528946876526,
                        -0.5735775828361511,
                        0,
                        -0.32118043303489685,
                        0.9470180869102478,
                        7.43116217449824e-8,
                        0,
                        -0.5179301500320435,
                        -1.5222373008728027,
                        -0.14118055999279022,
                        1
                    ],
                    [
                        7,
                        0.02519058808684349,
                        -0.09405715018510818,
                        -0.9952475428581238,
                        0,
                        -0.25743937492370605,
                        0.9613754749298096,
                        -0.09737203270196915,
                        0,
                        0.9659664630889893,
                        0.2586687207221985,
                        0.000003600330046538147,
                        0,
                        -0.8156279921531677,
                        -0.055630750954151154,
                        0.3383169174194336,
                        1
                    ],
                    [
                        7,
                        0.07911154627799988,
                        -0.056751057505607605,
                        -0.9952490329742432,
                        0,
                        -0.8087279200553894,
                        0.5800693035125732,
                        -0.09736176580190659,
                        0,
                        0.5828389525413513,
                        0.812588095664978,
                        -0.000005985614734527189,
                        0,
                        -0.7878115177154541,
                        -0.7181177735328674,
                        0.3383263051509857,
                        1
                    ],
                    [
                        7,
                        0.09473898261785507,
                        -0.02250465750694275,
                        -0.9952475428581238,
                        0,
                        -0.9683046340942383,
                        0.2300063818693161,
                        -0.09737526625394821,
                        0,
                        0.23110467195510864,
                        0.9729287028312683,
                        -7.930516972010082e-7,
                        0,
                        -0.7056692838668823,
                        -1.0653170347213745,
                        0.3383028209209442,
                        1
                    ],
                    [
                        7,
                        0.09219560772180557,
                        0.031376346945762634,
                        -0.9952460527420044,
                        0,
                        -0.9421553611755371,
                        -0.3207164406776428,
                        -0.0973883792757988,
                        0,
                        -0.322247713804245,
                        0.9466553926467896,
                        -0.000007253470812429441,
                        0,
                        -0.25212761759757996,
                        -1.4169306755065918,
                        0.33831676840782166,
                        1
                    ],
                    [
                        7,
                        0.2569092810153961,
                        -0.9664356708526611,
                        1.7578611277713208e-7,
                        0,
                        -7.333023859246168e-7,
                        -3.7682661968574394e-7,
                        -1.0000001192092896,
                        0,
                        0.966434895992279,
                        0.2569095492362976,
                        -8.055004059315252e-7,
                        0,
                        -0.9202333688735962,
                        0.35423827171325684,
                        0.04285896196961403,
                        1
                    ],
                    [
                        7,
                        0.8117561340332031,
                        -0.5839959979057312,
                        -0.0000014874958651489578,
                        0,
                        -0.0000019785863969445927,
                        -2.0314200810389593e-7,
                        -1.0000001192092896,
                        0,
                        0.5839964151382446,
                        0.8117557168006897,
                        -0.0000013203897424318711,
                        0,
                        -1.1204452514648438,
                        -0.461458295583725,
                        0.04285483807325363,
                        1
                    ],
                    [
                        7,
                        0.9729139804840088,
                        -0.23116882145404816,
                        2.5407072001826236e-8,
                        0,
                        -1.4664693992472166e-7,
                        -7.270959940797184e-7,
                        -1.0000001192092896,
                        0,
                        0.23116886615753174,
                        0.9729140400886536,
                        -7.413017897306418e-7,
                        0,
                        -1.091672658920288,
                        -0.9481505155563354,
                        0.04285348951816559,
                        1
                    ],
                    [
                        7,
                        0.9497169256210327,
                        0.3131076395511627,
                        -8.757096736644598e-8,
                        0,
                        2.203886992901971e-7,
                        -9.481663028054754e-7,
                        -1.0000001192092896,
                        0,
                        -0.313107430934906,
                        0.94971764087677,
                        -9.694959999251296e-7,
                        0,
                        -0.6371656060218811,
                        -1.5055221319198608,
                        0.042855154722929,
                        1
                    ],
                    [
                        7,
                        0.17901834845542908,
                        -0.684069812297821,
                        -0.7071070671081543,
                        0,
                        -0.17902396619319916,
                        0.6840692758560181,
                        -0.7071061134338379,
                        0,
                        0.9674205183982849,
                        0.25317418575286865,
                        -0.0000039453288991353475,
                        0,
                        -0.9139480590820312,
                        0.3235526978969574,
                        0.25326037406921387,
                        1
                    ],
                    [
                        7,
                        0.5755034685134888,
                        -0.41084548830986023,
                        -0.7071077227592468,
                        0,
                        -0.5755065679550171,
                        0.4108451306819916,
                        -0.7071054577827454,
                        0,
                        0.5810230374336243,
                        0.8138870596885681,
                        -0.0000014911690868757432,
                        0,
                        -1.0901775360107422,
                        -0.4874800145626068,
                        0.2532584071159363,
                        1
                    ],
                    [
                        7,
                        0.688105583190918,
                        -0.16282802820205688,
                        -0.7071048021316528,
                        0,
                        -0.6881019473075867,
                        0.16282780468463898,
                        -0.7071083784103394,
                        0,
                        0.23027347028255463,
                        0.9731258153915405,
                        4.34942734273136e-7,
                        0,
                        -1.0549298524856567,
                        -0.9572310447692871,
                        0.2532525062561035,
                        1
                    ],
                    [
                        7,
                        0.66884845495224,
                        0.2294282615184784,
                        -0.707109808921814,
                        0,
                        -0.6688553094863892,
                        -0.22942817211151123,
                        -0.7071033716201782,
                        0,
                        -0.32446053624153137,
                        0.945899486541748,
                        0.0000016322906049026642,
                        0,
                        -0.5891865491867065,
                        -1.5034735202789307,
                        0.2532593309879303,
                        1
                    ]
                ],
                8,
                8,
                8,
                8,
                8,
                8,
                8,
                8,
                8,
                8,
                8,
                8,
                8,
                8,
                8,
                8,
                8,
                8,
                8,
                8,
                8,
                8,
                8,
                8,
                8,
                8,
                8,
                8,
                8,
                8,
                8,
                8,
                8
            ]
        ]
    ],
    0,
    0,
    [],
    [],
    []
]
