[
    1,
    0,
    0,
    [
        [
            "cc.Skeleton",
            [
                "_name",
                "_hash",
                "_joints",
                "_bindposes"
            ],
            0,
            12
        ]
    ],
    [
        [
            0,
            0,
            1,
            2,
            3,
            4
        ]
    ],
    [
        [
            0,
            "Skin-15",
            1728080913,
            [
                "Cizme/Circle021/Bone449",
                "Cizme/Circle021/Bone449/Bone450",
                "Cizme/Circle021/Bone449/Bone450/Bone451",
                "Cizme/Circle021/Bone449/Bone450/Bone451/Bone452"
            ],
            [
                [
                    [
                        7,
                        0.012970022857189178,
                        0.014645620249211788,
                        -0.9998089075088501,
                        0,
                        0.353016197681427,
                        -0.9355721473693848,
                        -0.009125168435275555,
                        0,
                        -0.9355270266532898,
                        -0.352830171585083,
                        -0.017304552718997,
                        0,
                        0.3620382845401764,
                        0.1090608760714531,
                        0.001770211267285049,
                        1
                    ],
                    [
                        7,
                        0.019224170595407486,
                        0.003603209275752306,
                        -0.9998089075088501,
                        0,
                        -0.2952924370765686,
                        -0.9553629159927368,
                        -0.009120877832174301,
                        0,
                        -0.9552132487297058,
                        0.29541122913360596,
                        -0.017302075400948524,
                        0,
                        0.036399319767951965,
                        0.10981909930706024,
                        0.001770063303411007,
                        1
                    ],
                    [
                        7,
                        0.014358950778841972,
                        -0.013292301446199417,
                        -0.9998089075088501,
                        0,
                        -0.9430685639381409,
                        -0.3324737846851349,
                        -0.009123881347477436,
                        0,
                        -0.33228883147239685,
                        0.9430191516876221,
                        -0.0173095241189003,
                        0,
                        -0.11148561537265778,
                        0.3343346416950226,
                        0.0017665785271674395,
                        1
                    ],
                    [
                        7,
                        0.014358471147716045,
                        -0.013291621580719948,
                        -0.9998089075088501,
                        0,
                        -0.9430674910545349,
                        -0.33247485756874084,
                        -0.009123636409640312,
                        0,
                        -0.3322899043560028,
                        0.9430180788040161,
                        -0.01730874739587307,
                        0,
                        -0.5174872279167175,
                        0.33433425426483154,
                        0.0017676306888461113,
                        1
                    ]
                ],
                8,
                8,
                8,
                8
            ]
        ]
    ],
    0,
    0,
    [],
    [],
    []
]
