[
    1,
    0,
    0,
    [
        [
            "cc.Skeleton",
            [
                "_name",
                "_hash",
                "_joints",
                "_bindposes"
            ],
            0,
            12
        ]
    ],
    [
        [
            0,
            0,
            1,
            2,
            3,
            4
        ]
    ],
    [
        [
            0,
            "Skin-0",
            460192215,
            [
                "Circle001/Circle002/Bone001/Bone002/Bone003/Bone004/Bone005",
                "Circle001/Circle002/Bone001/Bone002/Bone003/Bone004",
                "Circle001/Circle002/Bone001/Bone002/Bone003",
                "Circle001/Circle002/Bone001/Bone002/Bone003/Bone004/Bone005/Bone024(mirrored)",
                "Circle001/Circle002/Bone001/Bone002",
                "Circle001/Circle002/Bone001/Bone002/Bone012(mirrored)/Bone013(mirrored)",
                "Circle001/Circle002/Bone001",
                "Circle001/Circle002/Bone001/Bone007(mirrored)/Bone008(mirrored)",
                "Circle001/Circle002/Bone001/Bone002/Bone012(mirrored)/Bone013(mirrored)/Bone014(mirrored)",
                "Circle001/Circle002/Bone001/Bone002/Bone012(mirrored)/Bone013(mirrored)/Bone014(mirrored)/Bone015(mirrored)",
                "Circle001/Circle002/Bone001/Bone007(mirrored)/Bone008(mirrored)/Bone009(mirrored)",
                "Circle001/Circle002/Bone001/Bone007(mirrored)/Bone008(mirrored)/Bone009(mirrored)/Bone010(mirrored)",
                "Circle001/Circle002/Bone001/Bone017",
                "Circle001/Circle002/Bone001/Bone017/Bone018",
                "Circle001/Circle002/Bone001/Bone017/Bone018/Bone022",
                "Circle001/Circle002/Bone001/Bone017/Bone018/Bone022/Bone019",
                "Circle001/Circle002/Bone001/Bone017/Bone018/Bone022/Bone019/Bone023",
                "Circle001/Circle002/Bone001/Bone017/Bone018/Bone022/Bone019/Bone023/Bone020",
                "Circle001/Circle002/Bone001/Bone007/Bone008",
                "Circle001/Circle002/Bone001/Bone002/Bone003/Bone004/Bone005/Bone024",
                "Circle001/Circle002/Bone001/Bone002/Bone012/Bone013",
                "Circle001/Circle002/Bone001/Bone002/Bone012/Bone013/Bone014",
                "Circle001/Circle002/Bone001/Bone002/Bone012/Bone013/Bone014/Bone015",
                "Circle001/Circle002/Bone001/Bone007/Bone008/Bone009",
                "Circle001/Circle002/Bone001/Bone007/Bone008/Bone009/Bone010",
                "Circle001/Circle002/Bone001/Bone028",
                "Circle001/Circle002/Bone001/Bone028(mirrored)",
                "Circle001/Circle002/Bone001/Bone030(mirrored)",
                "Circle001/Circle002/Bone001/Bone030",
                "Circle001/Circle002/Bone001/Bone026"
            ],
            [
                [
                    [
                        7,
                        -3.497401124263888e-8,
                        -3.724905184299132e-7,
                        1,
                        0,
                        -0.5819309949874878,
                        0.8132380247116089,
                        2.825710510023782e-7,
                        0,
                        -0.8132380247116089,
                        -0.5819309949874878,
                        -2.4520602437405614e-7,
                        0,
                        0.2705526351928711,
                        0.5090958476066589,
                        1.6826203363962122e-7,
                        1
                    ],
                    [
                        7,
                        5.429658926914271e-7,
                        -7.80599407335103e-8,
                        1,
                        0,
                        -0.8566200137138367,
                        -0.515949010848999,
                        4.2484001028242346e-7,
                        0,
                        0.515949010848999,
                        -0.8566200137138367,
                        -3.4701000117820513e-7,
                        0,
                        -0.4127865433692932,
                        0.30987903475761414,
                        2.5904500944307074e-7,
                        1
                    ],
                    [
                        7,
                        5.129950864102284e-7,
                        1.942699583423746e-7,
                        1,
                        0,
                        -0.5002480149269104,
                        -0.8658819794654846,
                        4.248397544870386e-7,
                        0,
                        0.8658819794654846,
                        -0.5002480149269104,
                        -3.470101432867523e-7,
                        0,
                        -0.41446617245674133,
                        0.07159300893545151,
                        2.6163201027884497e-7,
                        1
                    ],
                    [
                        7,
                        0.14067181944847107,
                        -0.17422570288181305,
                        0.9746060967445374,
                        0,
                        -0.7780487537384033,
                        -0.6282039880752563,
                        2.688260849481594e-7,
                        0,
                        0.612251341342926,
                        -0.7582910656929016,
                        -0.22392667829990387,
                        0,
                        -0.5562077164649963,
                        0.2642362117767334,
                        0.09642791748046875,
                        1
                    ],
                    [
                        7,
                        -4.4562642642631545e-7,
                        1.749765061731523e-7,
                        1,
                        0,
                        -0.9634289741516113,
                        -0.2679649889469147,
                        -3.824415841791051e-7,
                        0,
                        0.2679649889469147,
                        -0.9634289741516113,
                        2.8798953621844703e-7,
                        0,
                        -0.09677612036466599,
                        0.3413114547729492,
                        -1.0114253967685727e-7,
                        1
                    ],
                    [
                        7,
                        0.000001467764832341345,
                        -5.08471700300106e-8,
                        -1,
                        0,
                        0.1499328464269638,
                        -0.9886969923973083,
                        2.703386030589172e-7,
                        0,
                        -0.9886960387229919,
                        -0.14993299543857574,
                        -0.0000014435501043408294,
                        0,
                        0.30061817169189453,
                        -0.09490060061216354,
                        0.08054420351982117,
                        1
                    ],
                    [
                        7,
                        5.3951143189903245e-18,
                        1.2222656312121992e-16,
                        1,
                        0,
                        -0.9961109757423401,
                        0.08810889720916748,
                        -5.395113491809712e-18,
                        0,
                        -0.08810889720916748,
                        -0.9961109757423401,
                        1.2222653665144032e-16,
                        0,
                        0.1793435662984848,
                        0.3535391390323639,
                        6.450060041629513e-9,
                        1
                    ],
                    [
                        7,
                        0.00010144727275473997,
                        -0.0003299167728982866,
                        -1,
                        0,
                        0.5935384631156921,
                        -0.8048059940338135,
                        0.0003257317584939301,
                        0,
                        -0.804806649684906,
                        -0.5935379862785339,
                        0.00011417281348258257,
                        0,
                        0.1597110778093338,
                        0.24791869521141052,
                        0.06854599714279175,
                        1
                    ],
                    [
                        7,
                        -2.7753492304327665e-7,
                        -0.000001023440177050361,
                        -1,
                        0,
                        0.20215603709220886,
                        -0.9793530106544495,
                        9.462044658903324e-7,
                        0,
                        -0.9793531894683838,
                        -0.20215600728988647,
                        4.786994622918428e-7,
                        0,
                        0.16376323997974396,
                        -0.08633586019277573,
                        0.08054398000240326,
                        1
                    ],
                    [
                        7,
                        -0.0000011846453844555072,
                        -0.0000038229663914535195,
                        -1,
                        0,
                        -0.5468909740447998,
                        -0.8372039794921875,
                        0.000003848473625112092,
                        0,
                        -0.8372039794921875,
                        0.5468909740447998,
                        -0.0000010989557495122426,
                        0,
                        -0.0012921399902552366,
                        -0.12042514234781265,
                        0.08054441958665848,
                        1
                    ],
                    [
                        7,
                        -0.00010764277249109,
                        -0.00033592802355997264,
                        -1,
                        0,
                        0.03705023601651192,
                        -0.99931401014328,
                        0.00033170898677781224,
                        0,
                        -0.99931401014328,
                        -0.03705019876360893,
                        0.00012001499999314547,
                        0,
                        0.17187443375587463,
                        0.18287600576877594,
                        0.06854388862848282,
                        1
                    ],
                    [
                        7,
                        0.0014724440407007933,
                        0.0000906259156181477,
                        -0.9999989867210388,
                        0,
                        -0.389863520860672,
                        -0.9208729863166809,
                        -0.0006575071020051837,
                        0,
                        -0.9208722114562988,
                        0.3898639976978302,
                        -0.0013206008588895202,
                        0,
                        0.12427865713834763,
                        0.14367923140525818,
                        0.06880711019039154,
                        1
                    ],
                    [
                        7,
                        1.1448273440350931e-8,
                        9.302357284468599e-8,
                        -1,
                        0,
                        0.9963499903678894,
                        -0.08536480367183685,
                        3.465546960512711e-9,
                        0,
                        -0.08536480367183685,
                        -0.9963499903678894,
                        -9.366127073917596e-8,
                        0,
                        -0.121684730052948,
                        0.3910507559776306,
                        3.444834817400988e-8,
                        1
                    ],
                    [
                        7,
                        1.1429985846689306e-7,
                        7.62819496458178e-8,
                        -1,
                        0,
                        0.723127007484436,
                        -0.6907150149345398,
                        2.996423020817929e-8,
                        0,
                        -0.6907150149345398,
                        -0.723127007484436,
                        -1.3411018073838932e-7,
                        0,
                        0.09713587164878845,
                        0.4236302077770233,
                        3.635580370087155e-8,
                        1
                    ],
                    [
                        7,
                        1.4759096700345253e-7,
                        -8.285631736271171e-8,
                        -1,
                        0,
                        0.44723600149154663,
                        -0.8944159746170044,
                        1.4011600057983742e-7,
                        0,
                        -0.8944159746170044,
                        -0.44723600149154663,
                        -9.495139607906822e-8,
                        0,
                        0.17511342465877533,
                        0.38723716139793396,
                        -2.2606602811947596e-8,
                        1
                    ],
                    [
                        7,
                        1.9488990687932528e-7,
                        -4.0092668740498993e-8,
                        -1,
                        0,
                        0.5954710245132446,
                        -0.8033760190010071,
                        1.4826096617071016e-7,
                        0,
                        -0.8033760190010071,
                        -0.5954710245132446,
                        -1.3269603016397014e-7,
                        0,
                        0.022657910361886024,
                        0.3971728980541229,
                        -3.195778219833301e-8,
                        1
                    ],
                    [
                        7,
                        1.7692904918931163e-7,
                        -4.540449083378917e-7,
                        -1,
                        0,
                        0.8506389856338501,
                        -0.5257499814033508,
                        3.8921695022509084e-7,
                        0,
                        -0.5257499814033508,
                        -0.8506389856338501,
                        2.932079326001258e-7,
                        0,
                        -0.17612722516059875,
                        0.35735613107681274,
                        -2.033569757031728e-7,
                        1
                    ],
                    [
                        7,
                        -1.6269646607725008e-7,
                        0.0000010715675671235658,
                        -1,
                        0,
                        0.9820299744606018,
                        -0.18872399628162384,
                        -3.620034476625733e-7,
                        0,
                        -0.18872399628162384,
                        -0.9820299744606018,
                        -0.0000010216070904789376,
                        0,
                        -0.3500342071056366,
                        0.2491249442100525,
                        3.0931127525946067e-7,
                        1
                    ],
                    [
                        7,
                        -0.00010110426228493452,
                        -0.0003297028015367687,
                        1,
                        0,
                        0.5935369729995728,
                        0.8048070073127747,
                        0.0003253560862503946,
                        0,
                        -0.8048070073127747,
                        0.5935369729995728,
                        0.0001143213376053609,
                        0,
                        0.15971142053604126,
                        -0.24791847169399261,
                        0.06854605674743652,
                        1
                    ],
                    [
                        7,
                        -0.14067116379737854,
                        -0.1742250621318817,
                        -0.9746060371398926,
                        0,
                        -0.778048574924469,
                        0.6282039880752563,
                        1.2278610483917873e-7,
                        0,
                        0.6122515201568604,
                        0.7582910060882568,
                        -0.22392575442790985,
                        0,
                        -0.5562078356742859,
                        -0.26423653960227966,
                        0.09642690420150757,
                        1
                    ],
                    [
                        7,
                        -0.0000011622944384725997,
                        -8.317343258568144e-7,
                        1,
                        0,
                        0.14992499351501465,
                        0.9886969923973083,
                        9.965909839593223e-7,
                        0,
                        -0.9886969923973083,
                        0.14992499351501465,
                        -0.0000010244600616715616,
                        0,
                        0.3006174862384796,
                        0.09490273892879486,
                        0.08054429292678833,
                        1
                    ],
                    [
                        7,
                        5.882658342670766e-7,
                        -0.0000014859299426461803,
                        1,
                        0,
                        0.20214900374412537,
                        0.979354977607727,
                        0.000001336335003543354,
                        0,
                        -0.979354977607727,
                        0.20214900374412537,
                        8.764999961385911e-7,
                        0,
                        0.16376276314258575,
                        0.08633807301521301,
                        0.08054400235414505,
                        1
                    ],
                    [
                        7,
                        -0.0002334389864699915,
                        9.829280855910838e-8,
                        1,
                        0,
                        -0.5468760132789612,
                        0.8372129797935486,
                        -0.000127744599012658,
                        0,
                        -0.8372129797935486,
                        -0.5468760132789612,
                        -0.0001953846076503396,
                        0,
                        -0.0013101098593324423,
                        0.12042660266160965,
                        0.0805436223745346,
                        1
                    ],
                    [
                        7,
                        0.00010724743333412334,
                        -0.0003343279822729528,
                        1,
                        0,
                        0.03705393522977829,
                        0.9993129968643188,
                        0.0003301245451439172,
                        0,
                        -0.9993129968643188,
                        0.037053901702165604,
                        0.00011956198432017118,
                        0,
                        0.17187362909317017,
                        -0.18287643790245056,
                        0.06854429095983505,
                        1
                    ],
                    [
                        7,
                        -0.000023769296603859402,
                        0.00009242280066246167,
                        1,
                        0,
                        -0.38916999101638794,
                        0.9211660027503967,
                        -0.00009438703273190185,
                        0,
                        -0.9211660027503967,
                        -0.38916999101638794,
                        0.000014072713383939117,
                        0,
                        0.12426993995904922,
                        -0.143773153424263,
                        0.06862735748291016,
                        1
                    ],
                    [
                        7,
                        -0.9829930663108826,
                        0.18364499509334564,
                        0.0003957160224672407,
                        0,
                        -0.0005335333407856524,
                        -0.000701045268215239,
                        -1,
                        0,
                        -0.183644637465477,
                        -0.9829930067062378,
                        0.0007871027919463813,
                        0,
                        0.08157410472631454,
                        0.43639111518859863,
                        0.1159127727150917,
                        1
                    ],
                    [
                        7,
                        0.9830420017242432,
                        0.18338100612163544,
                        0.00008921530388761312,
                        0,
                        -0.0001309244689764455,
                        0.0011883418774232268,
                        -1,
                        0,
                        -0.18338102102279663,
                        0.983040988445282,
                        0.0011921999976038933,
                        0,
                        0.0814102441072464,
                        -0.4364694356918335,
                        0.11573293060064316,
                        1
                    ],
                    [
                        7,
                        0.6397180557250977,
                        0.7686100006103516,
                        0.00027056800900027156,
                        0,
                        -0.00012534864072222263,
                        0.00045635097194463015,
                        -1,
                        0,
                        -0.7686099410057068,
                        0.6397179961204529,
                        0.00038827999378554523,
                        0,
                        0.24206052720546722,
                        -0.29899975657463074,
                        0.05096229910850525,
                        1
                    ],
                    [
                        7,
                        -0.6397180557250977,
                        0.7686100006103516,
                        -0.0002709669934120029,
                        0,
                        -0.00012532781693153083,
                        -0.0004568527510855347,
                        -1,
                        0,
                        -0.7686099410057068,
                        -0.6397179961204529,
                        0.0003885850019287318,
                        0,
                        0.24206064641475677,
                        0.29899972677230835,
                        0.050962138921022415,
                        1
                    ],
                    [
                        7,
                        2.980236502025946e-8,
                        -5.429109819488076e-7,
                        -1,
                        0,
                        0.054976701736450195,
                        0.9984880089759827,
                        -5.404513103712816e-7,
                        0,
                        0.9984880089759827,
                        -0.054976701736450195,
                        5.96047158296642e-8,
                        0,
                        -0.399045467376709,
                        -0.15976761281490326,
                        7.484764807941247e-8,
                        1
                    ]
                ],
                8,
                8,
                8,
                8,
                8,
                8,
                8,
                8,
                8,
                8,
                8,
                8,
                8,
                8,
                8,
                8,
                8,
                8,
                8,
                8,
                8,
                8,
                8,
                8,
                8,
                8,
                8,
                8,
                8,
                8
            ]
        ]
    ],
    0,
    0,
    [],
    [],
    []
]
