[
    1,
    0,
    0,
    [
        [
            "cc.Skeleton",
            [
                "_name",
                "_hash",
                "_joints",
                "_bindposes"
            ],
            0,
            12
        ]
    ],
    [
        [
            0,
            0,
            1,
            2,
            3,
            4
        ]
    ],
    [
        [
            0,
            "Skin-17",
            1848756047,
            [
                "Cizme/Bone438/Bone439/Bone440",
                "Cizme/Bone438",
                "Cizme/Bone438/Bone439"
            ],
            [
                [
                    [
                        7,
                        0.25891247391700745,
                        -0.0067031895741820335,
                        0.9658772349357605,
                        0,
                        -0.017187831923365593,
                        -0.999849796295166,
                        -0.0023315949365496635,
                        0,
                        0.9657478928565979,
                        -0.015997665002942085,
                        -0.2589886486530304,
                        0,
                        -0.28070738911628723,
                        -0.008723828941583633,
                        -0.00723596615716815,
                        1
                    ],
                    [
                        7,
                        -0.000057426201237831265,
                        0.25899940729141235,
                        0.9658771753311157,
                        0,
                        0.9999575614929199,
                        0.008918329142034054,
                        -0.0023319909814745188,
                        0,
                        -0.009217998012900352,
                        0.9658362865447998,
                        -0.2589888274669647,
                        0,
                        0.5245799422264099,
                        -0.0005831574671901762,
                        -0.007235429249703884,
                        1
                    ],
                    [
                        7,
                        0.22016888856887817,
                        0.13640213012695312,
                        0.9658783078193665,
                        0,
                        0.5340189933776855,
                        -0.8454691767692566,
                        -0.0023302410263568163,
                        0,
                        0.8163015842437744,
                        0.5163105130195618,
                        -0.25898757576942444,
                        0,
                        0.09913717210292816,
                        -0.16125059127807617,
                        -0.007230711169540882,
                        1
                    ]
                ],
                8,
                8,
                8
            ]
        ]
    ],
    0,
    0,
    [],
    [],
    []
]
