[
    1,
    0,
    0,
    [
        [
            "cc.Skeleton",
            [
                "_name",
                "_hash",
                "_joints",
                "_bindposes"
            ],
            0,
            12
        ]
    ],
    [
        [
            0,
            0,
            1,
            2,
            3,
            4
        ]
    ],
    [
        [
            0,
            "Skin-0",
            4121921691,
            [
                "Root",
                "Root/Hips",
                "Root/Hips/Leg_L1",
                "Root/Hips/Leg_L1/Leg_L2",
                "Root/Hips/Leg_L1/Leg_L2/Leg_L3",
                "Root/Hips/Leg_L1/Leg_L2/Leg_L3/Leg_L4",
                "Root/Hips/Leg_R1",
                "Root/Hips/Leg_R1/Leg_R2",
                "Root/Hips/Leg_R1/Leg_R2/Leg_R3",
                "Root/Hips/Leg_R1/Leg_R2/Leg_R3/Leg_R4",
                "Root/Hips/Tail_1",
                "Root/Hips/Tail_1/Tail_2",
                "Root/Hips/Breasts1",
                "Root/Hips/Breasts1/Neck",
                "Root/Hips/Breasts1/Neck/Head",
                "Root/Hips/Breasts1/Neck/Head/Beak_Top1",
                "Root/Hips/Breasts1/Neck/Head/Beak_Top1/Beak_Top2",
                "Root/Hips/Breasts1/Neck/Head/Beak_Bottom1",
                "Root/Hips/Breasts1/Neck/Head/Beak_Bottom1/Beak_Bottom2",
                "Root/Hips/Breasts1/Breasts2"
            ],
            [
                [
                    [
                        7,
                        1.0000001192092896,
                        2.033347357155435e-7,
                        2.67516981011795e-7,
                        0,
                        -2.033346362395605e-7,
                        0.9999999403953552,
                        -5.309481707627128e-7,
                        0,
                        -2.675170946986327e-7,
                        5.309480002324563e-7,
                        1.0000001192092896,
                        0,
                        6.8522449936381236e-9,
                        -0.013547279872000217,
                        0.0013853947166353464,
                        1
                    ],
                    [
                        7,
                        -1.0000001192092896,
                        5.5934844311877896e-8,
                        -1.5340985726197687e-7,
                        0,
                        1.2592191467319935e-7,
                        0.8622859716415405,
                        -0.5064215064048767,
                        0,
                        1.0395658023298893e-7,
                        -0.5064215660095215,
                        -0.8622859120368958,
                        0,
                        -6.030107080334801e-9,
                        -0.01238321978598833,
                        0.005666033830493689,
                        1
                    ],
                    [
                        7,
                        1.0000001192092896,
                        -2.67516981011795e-7,
                        2.033347357155435e-7,
                        0,
                        -2.033346362395605e-7,
                        5.309481707627128e-7,
                        0.9999999403953552,
                        0,
                        -2.675170946986327e-7,
                        -1.0000001192092896,
                        5.309480002324563e-7,
                        0,
                        -0.004078315105289221,
                        -0.001196373370476067,
                        -0.009496629238128662,
                        1
                    ],
                    [
                        7,
                        1.0000001192092896,
                        -3.5593623692875553e-7,
                        3.32750602183296e-7,
                        0,
                        -3.981393206231587e-7,
                        -0.20321564376354218,
                        0.9791339635848999,
                        0,
                        -2.8088919634683407e-7,
                        -0.9791339635848999,
                        -0.20321565866470337,
                        0,
                        -0.003516437252983451,
                        -0.0003005711187142879,
                        -0.004438959993422031,
                        1
                    ],
                    [
                        7,
                        1.0000001192092896,
                        -4.0871867668101913e-7,
                        6.743487546145843e-8,
                        0,
                        -4.114280898193101e-7,
                        -0.9989029765129089,
                        0.046824272722005844,
                        0,
                        4.822295807116461e-8,
                        -0.04682426154613495,
                        -0.9989031553268433,
                        0,
                        -0.003773629432544112,
                        0.0009212827426381409,
                        -0.0005470284377224743,
                        1
                    ],
                    [
                        7,
                        1.0000001192092896,
                        -4.0871867668101913e-7,
                        6.743487546145843e-8,
                        0,
                        -4.114280898193101e-7,
                        -0.9989029765129089,
                        0.046824272722005844,
                        0,
                        4.822295807116461e-8,
                        -0.04682426154613495,
                        -0.9989031553268433,
                        0,
                        -0.0043436093255877495,
                        0.0009212846634909511,
                        0.0034898496232926846,
                        1
                    ],
                    [
                        7,
                        1.0000001192092896,
                        -2.67516981011795e-7,
                        2.033347357155435e-7,
                        0,
                        -2.033346362395605e-7,
                        5.309481707627128e-7,
                        0.9999999403953552,
                        0,
                        -2.675170946986327e-7,
                        -1.0000001192092896,
                        5.309480002324563e-7,
                        0,
                        0.004059474915266037,
                        -0.001196373370476067,
                        -0.009496629238128662,
                        1
                    ],
                    [
                        7,
                        1.0000001192092896,
                        -3.5593623692875553e-7,
                        3.32750602183296e-7,
                        0,
                        -3.981393206231587e-7,
                        -0.20321564376354218,
                        0.9791339635848999,
                        0,
                        -2.8088919634683407e-7,
                        -0.9791339635848999,
                        -0.20321565866470337,
                        0,
                        0.0034975926391780376,
                        -0.0003005711187142879,
                        -0.004438959993422031,
                        1
                    ],
                    [
                        7,
                        1.0000001192092896,
                        -4.0871867668101913e-7,
                        6.743487546145843e-8,
                        0,
                        -4.114280898193101e-7,
                        -0.9989029765129089,
                        0.046824272722005844,
                        0,
                        4.822295807116461e-8,
                        -0.04682426154613495,
                        -0.9989031553268433,
                        0,
                        0.003754780627787113,
                        0.0009212827426381409,
                        -0.0005470284377224743,
                        1
                    ],
                    [
                        7,
                        1.0000001192092896,
                        -4.0871867668101913e-7,
                        6.743487546145843e-8,
                        0,
                        -4.114280898193101e-7,
                        -0.9989029765129089,
                        0.046824272722005844,
                        0,
                        4.822295807116461e-8,
                        -0.04682426154613495,
                        -0.9989031553268433,
                        0,
                        0.004324760753661394,
                        0.0009212846634909511,
                        0.0034898496232926846,
                        1
                    ],
                    [
                        7,
                        1.0000001192092896,
                        -5.306852699504816e-7,
                        3.775379866510775e-7,
                        0,
                        5.875508009012265e-7,
                        0.4850192666053772,
                        -0.8745036125183105,
                        0,
                        2.8097292670281604e-7,
                        0.8745037317276001,
                        0.4850192070007324,
                        0,
                        -2.707841728621929e-9,
                        -0.00024303782265633345,
                        0.019791480153799057,
                        1
                    ],
                    [
                        7,
                        1.0000001192092896,
                        -5.306852699504816e-7,
                        3.775379866510775e-7,
                        0,
                        5.875508009012265e-7,
                        0.4850192666053772,
                        -0.8745036125183105,
                        0,
                        2.8097292670281604e-7,
                        0.8745037317276001,
                        0.4850192070007324,
                        0,
                        -4.428001521006308e-9,
                        -0.0016758940182626247,
                        0.028147630393505096,
                        1
                    ],
                    [
                        7,
                        -1.0000001192092896,
                        -5.294789318099902e-8,
                        1.797132256342593e-7,
                        0,
                        -1.8728782436028268e-7,
                        0.257662832736969,
                        -0.9662353992462158,
                        0,
                        4.854704638290741e-9,
                        -0.9662352204322815,
                        -0.25766289234161377,
                        0,
                        -3.666661418932904e-9,
                        0.0016402279725298285,
                        0.019283529371023178,
                        1
                    ],
                    [
                        7,
                        -1.0000001192092896,
                        -1.0691124430195487e-8,
                        8.209404001036091e-8,
                        0,
                        -7.998121986929618e-8,
                        0.3807498812675476,
                        -0.9246779084205627,
                        0,
                        -2.1371459268948456e-8,
                        -0.9246779084205627,
                        -0.3807498812675476,
                        0,
                        -6.744063085761809e-9,
                        -0.0015075342962518334,
                        0.024182820692658424,
                        1
                    ],
                    [
                        7,
                        -1.0000001192092896,
                        -4.7543940695504716e-7,
                        2.4484390337420336e-7,
                        0,
                        -4.790944103660877e-7,
                        0.9998847842216492,
                        -0.015149765647947788,
                        0,
                        -2.37613150488869e-7,
                        -0.015149766579270363,
                        -0.9998847842216492,
                        0,
                        4.866391289937155e-9,
                        -0.027071569114923477,
                        0.009989102371037006,
                        1
                    ],
                    [
                        7,
                        1.0000001192092896,
                        2.033347357155435e-7,
                        2.67516981011795e-7,
                        0,
                        -2.033346362395605e-7,
                        0.9999999403953552,
                        -5.309481707627128e-7,
                        0,
                        -2.675170946986327e-7,
                        5.309480002324563e-7,
                        1.0000001192092896,
                        0,
                        2.058726877862682e-8,
                        -0.027748025953769684,
                        -0.014105520211160183,
                        1
                    ],
                    [
                        7,
                        1.0000001192092896,
                        2.033347357155435e-7,
                        2.67516981011795e-7,
                        0,
                        -2.033346362395605e-7,
                        0.9999999403953552,
                        -5.309481707627128e-7,
                        0,
                        -2.675170946986327e-7,
                        5.309480002324563e-7,
                        1.0000001192092896,
                        0,
                        2.0862023220047377e-8,
                        -0.02704358659684658,
                        -0.015808410942554474,
                        1
                    ],
                    [
                        7,
                        -1.0000001192092896,
                        -3.74184565998803e-7,
                        1.3041122626233914e-9,
                        0,
                        -3.545703464169492e-7,
                        0.9486831426620483,
                        0.3162279427051544,
                        0,
                        -1.1956477408148203e-7,
                        0.3162277340888977,
                        -0.9486837983131409,
                        0,
                        3.410221272037717e-10,
                        -0.029680989682674408,
                        0.004663879983127117,
                        1
                    ],
                    [
                        7,
                        1.0000001192092896,
                        2.033347357155435e-7,
                        2.67516981011795e-7,
                        0,
                        -2.033346362395605e-7,
                        0.9999999403953552,
                        -5.309481707627128e-7,
                        0,
                        -2.675170946986327e-7,
                        5.309480002324563e-7,
                        1.0000001192092896,
                        0,
                        2.0137333578418293e-8,
                        -0.02581024542450905,
                        -0.01567569002509117,
                        1
                    ],
                    [
                        7,
                        1.0000001192092896,
                        2.033347357155435e-7,
                        2.67516981011795e-7,
                        0,
                        -2.033346362395605e-7,
                        0.9999999403953552,
                        -5.309481707627128e-7,
                        0,
                        -2.675170946986327e-7,
                        5.309480002324563e-7,
                        1.0000001192092896,
                        0,
                        1.3710519830567591e-8,
                        -0.014573915861546993,
                        -0.015057744458317757,
                        1
                    ]
                ],
                8,
                8,
                8,
                8,
                8,
                8,
                8,
                8,
                8,
                8,
                8,
                8,
                8,
                8,
                8,
                8,
                8,
                8,
                8,
                8
            ]
        ]
    ],
    0,
    0,
    [],
    [],
    []
]
