[
    1,
    0,
    0,
    [
        [
            "cc.Skeleton",
            [
                "_name",
                "_hash",
                "_joints",
                "_bindposes"
            ],
            0,
            12
        ]
    ],
    [
        [
            0,
            0,
            1,
            2,
            3,
            4
        ]
    ],
    [
        [
            0,
            "Skin-11",
            366347500,
            [
                "Animirani_objekti/Group115/Point010/Bone471",
                "Animirani_objekti/Group115/Point010/Bone471/Bone472",
                "Animirani_objekti/Group115/Point010/Bone471/Bone472/Bone473",
                "Animirani_objekti/Group115/Point010/Bone471/Bone472/Bone473/Bone474"
            ],
            [
                [
                    [
                        7,
                        0.9884740114212036,
                        -0.15139000117778778,
                        0.000013943100384494755,
                        0,
                        0.000014072106750973035,
                        -2.1920321557900024e-7,
                        -1,
                        0,
                        0.15139000117778778,
                        0.9884740114212036,
                        0.0000019137000890623312,
                        0,
                        0.06759566068649292,
                        0.01657000742852688,
                        0.000014678729712613858,
                        1
                    ],
                    [
                        7,
                        0.9995409846305847,
                        0.030290400609374046,
                        -0.000004917810201732209,
                        0,
                        -0.000004913298653264064,
                        -2.2333917115702207e-7,
                        -1,
                        0,
                        -0.030290400609374046,
                        0.9995409846305847,
                        -7.44108987760228e-8,
                        0,
                        -0.003141302615404129,
                        0.016273751854896545,
                        0.000014685972018924076,
                        1
                    ],
                    [
                        7,
                        0.9898070096969604,
                        -0.1424199938774109,
                        1.1092600260553809e-7,
                        0,
                        1.5004336262336437e-7,
                        2.639223737332941e-7,
                        -1,
                        0,
                        0.1424199938774109,
                        0.9898070096969604,
                        2.8260100748411787e-7,
                        0,
                        -0.09787574410438538,
                        0.03363504633307457,
                        0.000014178449418977834,
                        1
                    ],
                    [
                        7,
                        0.9898059964179993,
                        -0.14242200553417206,
                        -3.1857400051293894e-10,
                        0,
                        3.594674069518078e-8,
                        2.5205989118148864e-7,
                        -1,
                        0,
                        0.14242200553417206,
                        0.9898059964179993,
                        2.546100006384222e-7,
                        0,
                        -0.17394240200519562,
                        0.033637452870607376,
                        0.000014532093700836413,
                        1
                    ]
                ],
                8,
                8,
                8,
                8
            ]
        ]
    ],
    0,
    0,
    [],
    [],
    []
]
