[
    1,
    0,
    0,
    [
        [
            "cc.Skeleton",
            [
                "_name",
                "_hash",
                "_joints",
                "_bindposes"
            ],
            0,
            12
        ]
    ],
    [
        [
            0,
            0,
            1,
            2,
            3,
            4
        ]
    ],
    [
        [
            0,
            "Skin-14",
            3872861470,
            [
                "Cizme/Circle020/Bone445",
                "Cizme/Circle020/Bone445/Bone446",
                "Cizme/Circle020/Bone445/Bone446/Bone447",
                "Cizme/Circle020/Bone445/Bone446/Bone447/Bone448"
            ],
            [
                [
                    [
                        7,
                        -0.030959730967879295,
                        -0.14849060773849487,
                        -0.9884293079376221,
                        0,
                        0.47179150581359863,
                        -0.8739771842956543,
                        0.11651913076639175,
                        0,
                        -0.8811665773391724,
                        -0.4627249836921692,
                        0.09711471945047379,
                        0,
                        0.3857656717300415,
                        0.08785194903612137,
                        0.012605540454387665,
                        1
                    ],
                    [
                        7,
                        -0.11895548552274704,
                        -0.09412635117769241,
                        -0.9884282946586609,
                        0,
                        -0.19812721014022827,
                        -0.9732261896133423,
                        0.11652284860610962,
                        0,
                        -0.9729321599006653,
                        0.20969544351100922,
                        0.09712149202823639,
                        0,
                        0.040151793509721756,
                        0.08091030269861221,
                        0.01261214166879654,
                        1
                    ],
                    [
                        7,
                        -0.14756157994270325,
                        0.035104651004076004,
                        -0.9884305000305176,
                        0,
                        -0.8868542909622192,
                        -0.44711771607398987,
                        0.11651777476072311,
                        0,
                        -0.4378542900085449,
                        0.8937863111495972,
                        0.0971100926399231,
                        0,
                        -0.13806988298892975,
                        0.30571112036705017,
                        0.012602739967405796,
                        1
                    ],
                    [
                        7,
                        -0.1475653350353241,
                        0.035105787217617035,
                        -0.9884293675422668,
                        0,
                        -0.886851966381073,
                        -0.4471189081668854,
                        0.11652062088251114,
                        0,
                        -0.437854528427124,
                        0.8937851190567017,
                        0.09711300581693649,
                        0,
                        -0.53323894739151,
                        0.30571097135543823,
                        0.012599973939359188,
                        1
                    ]
                ],
                8,
                8,
                8,
                8
            ]
        ]
    ],
    0,
    0,
    [],
    [],
    []
]
