[
    1,
    0,
    0,
    [
        [
            "cc.Skeleton",
            [
                "_name",
                "_hash",
                "_joints",
                "_bindposes"
            ],
            0,
            12
        ]
    ],
    [
        [
            0,
            0,
            1,
            2,
            3,
            4
        ]
    ],
    [
        [
            0,
            "Skin-7",
            3872861470,
            [
                "Group094/Circle020/Bone445",
                "Group094/Circle020/Bone445/Bone446",
                "Group094/Circle020/Bone445/Bone446/Bone447",
                "Group094/Circle020/Bone445/Bone446/Bone447/Bone448"
            ],
            [
                [
                    [
                        7,
                        -0.03095673955976963,
                        -0.1484910547733307,
                        -0.988429069519043,
                        0,
                        0.47179365158081055,
                        -0.8739757537841797,
                        0.11652064323425293,
                        0,
                        -0.8811653852462769,
                        -0.46272745728492737,
                        0.09711257368326187,
                        0,
                        0.3857651948928833,
                        0.08784644305706024,
                        0.012608321383595467,
                        1
                    ],
                    [
                        7,
                        -0.11894648522138596,
                        -0.09412601590156555,
                        -0.988429069519043,
                        0,
                        -0.19812999665737152,
                        -0.973225474357605,
                        0.11652090400457382,
                        0,
                        -0.972931981086731,
                        0.2096972018480301,
                        0.09711252152919769,
                        0,
                        0.040161386132240295,
                        0.08091258257627487,
                        0.012607143260538578,
                        1
                    ],
                    [
                        7,
                        -0.14756548404693604,
                        0.03510529175400734,
                        -0.988429069519043,
                        0,
                        -0.8868526220321655,
                        -0.44711822271347046,
                        0.1165209487080574,
                        0,
                        -0.4378541111946106,
                        0.8937854170799255,
                        0.0971124917268753,
                        0,
                        -0.13806664943695068,
                        0.3057139217853546,
                        0.012604992836713791,
                        1
                    ],
                    [
                        7,
                        -0.14756549894809723,
                        0.03510529175400734,
                        -0.9884289503097534,
                        0,
                        -0.8868526816368103,
                        -0.4471181631088257,
                        0.11652092635631561,
                        0,
                        -0.437854140996933,
                        0.893785297870636,
                        0.09711248427629471,
                        0,
                        -0.5332427620887756,
                        0.30571529269218445,
                        0.012603585608303547,
                        1
                    ]
                ],
                8,
                8,
                8,
                8
            ]
        ]
    ],
    0,
    0,
    [],
    [],
    []
]
