[
    1,
    0,
    0,
    [
        [
            "cc.Skeleton",
            [
                "_name",
                "_hash",
                "_joints",
                "_bindposes"
            ],
            0,
            12
        ]
    ],
    [
        [
            0,
            0,
            1,
            2,
            3,
            4
        ]
    ],
    [
        [
            0,
            "Skin-11",
            4168351709,
            [
                "Animirani_objekti/Group115/Point010/Bone471",
                "Animirani_objekti/Group115/Point010/Bone471/Bone472",
                "Animirani_objekti/Group115/Point010/Bone471/Bone472/Bone473",
                "Animirani_objekti/Group115/Point010/Bone471/Bone472/Bone473/Bone474"
            ],
            [
                [
                    [
                        7,
                        0.9884819984436035,
                        -0.15133799612522125,
                        0.000013802099601889495,
                        0,
                        0.000013929475244367495,
                        -2.184655301107341e-7,
                        -1,
                        0,
                        0.15133799612522125,
                        0.9884819984436035,
                        0.0000018921100490842946,
                        0,
                        0.06759428232908249,
                        0.016573641449213028,
                        0.000014632162674388383,
                        1
                    ],
                    [
                        7,
                        0.9995409846305847,
                        0.030302299186587334,
                        -0.000004887130216957303,
                        0,
                        -0.000004882603661826579,
                        -2.2339830252349202e-7,
                        -1,
                        0,
                        -0.030302299186587334,
                        0.9995409846305847,
                        -7.534160317845817e-8,
                        0,
                        -0.003140045562759042,
                        0.01627412997186184,
                        0.000014641894267697353,
                        1
                    ],
                    [
                        7,
                        0.989808976650238,
                        -0.1424030065536499,
                        0.000004475190053199185,
                        0,
                        0.000004559249646263197,
                        2.639999934217485e-7,
                        -1,
                        0,
                        0.1424030065536499,
                        0.989808976650238,
                        9.105600042857986e-7,
                        0,
                        -0.09787489473819733,
                        0.03363494575023651,
                        0.00001370493191643618,
                        1
                    ],
                    [
                        7,
                        0.9898059964179993,
                        -0.14242200553417206,
                        -3.1857400051293894e-10,
                        0,
                        3.594674069518078e-8,
                        2.5205989118148864e-7,
                        -1,
                        0,
                        0.14242200553417206,
                        0.9898059964179993,
                        2.546100006384222e-7,
                        0,
                        -0.17394082248210907,
                        0.03363765403628349,
                        0.00001475209319323767,
                        1
                    ]
                ],
                8,
                8,
                8,
                8
            ]
        ]
    ],
    0,
    0,
    [],
    [],
    []
]
