[
    1,
    0,
    0,
    [
        [
            "cc.Skeleton",
            [
                "_name",
                "_hash",
                "_joints",
                "_bindposes"
            ],
            0,
            12
        ]
    ],
    [
        [
            0,
            0,
            1,
            2,
            3,
            4
        ]
    ],
    [
        [
            0,
            "Skin-15",
            1728080913,
            [
                "Cizme/Circle021/Bone449",
                "Cizme/Circle021/Bone449/Bone450",
                "Cizme/Circle021/Bone449/Bone450/Bone451",
                "Cizme/Circle021/Bone449/Bone450/Bone451/Bone452"
            ],
            [
                [
                    [
                        7,
                        0.012970022857189178,
                        0.014645620249211788,
                        -0.9998089075088501,
                        0,
                        0.353016197681427,
                        -0.9355721473693848,
                        -0.009125168435275555,
                        0,
                        -0.9355270266532898,
                        -0.352830171585083,
                        -0.017304552718997,
                        0,
                        0.3620252013206482,
                        0.10905967652797699,
                        0.0017697012517601252,
                        1
                    ],
                    [
                        7,
                        0.019224178045988083,
                        0.003603228833526373,
                        -0.9998089075088501,
                        0,
                        -0.2952924370765686,
                        -0.9553629159927368,
                        -0.009120898321270943,
                        0,
                        -0.9552132487297058,
                        0.29541122913360596,
                        -0.017302075400948524,
                        0,
                        0.03640786185860634,
                        0.10981826484203339,
                        0.0017696513095870614,
                        1
                    ],
                    [
                        7,
                        0.014358940534293652,
                        -0.013292272575199604,
                        -0.9998089075088501,
                        0,
                        -0.9430685639381409,
                        -0.3324737846851349,
                        -0.009123881347477436,
                        0,
                        -0.33228883147239685,
                        0.9430191516876221,
                        -0.017309492453932762,
                        0,
                        -0.11148354411125183,
                        0.3343348503112793,
                        0.0017662253230810165,
                        1
                    ],
                    [
                        7,
                        0.014358476735651493,
                        -0.013291961513459682,
                        -0.9998089075088501,
                        0,
                        -0.9430674910545349,
                        -0.33247485756874084,
                        -0.009123528376221657,
                        0,
                        -0.3322899043560028,
                        0.9430180788040161,
                        -0.017309069633483887,
                        0,
                        -0.5174857974052429,
                        0.3343345522880554,
                        0.0017669281223788857,
                        1
                    ]
                ],
                8,
                8,
                8,
                8
            ]
        ]
    ],
    0,
    0,
    [],
    [],
    []
]
