[
    1,
    0,
    0,
    [
        [
            "cc.Skeleton",
            [
                "_name",
                "_hash",
                "_joints",
                "_bindposes"
            ],
            0,
            12
        ]
    ],
    [
        [
            0,
            0,
            1,
            2,
            3,
            4
        ]
    ],
    [
        [
            0,
            "Skin-0",
            1868119744,
            [
                "SE_Chicken_01/Root",
                "SE_Chicken_01/Root/Hips",
                "SE_Chicken_01/Root/Hips/Leg_L1",
                "SE_Chicken_01/Root/Hips/Leg_L1/Leg_L2",
                "SE_Chicken_01/Root/Hips/Leg_L1/Leg_L2/Leg_L3",
                "SE_Chicken_01/Root/Hips/Leg_R1",
                "SE_Chicken_01/Root/Hips/Leg_R1/Leg_R2",
                "SE_Chicken_01/Root/Hips/Leg_R1/Leg_R2/Leg_R3",
                "SE_Chicken_01/Root/Hips/Tail_1",
                "SE_Chicken_01/Root/Hips/Tail_1/Tail_2",
                "SE_Chicken_01/Root/Hips/Breasts1",
                "SE_Chicken_01/Root/Hips/Breasts1/Breasts2",
                "SE_Chicken_01/Root/Hips/Breasts1/Head_1",
                "SE_Chicken_01/Root/Hips/Breasts1/Head_1/Head_2",
                "SE_Chicken_01/Root/Hips/Breasts1/Head_1/Head_2/Feather_1",
                "SE_Chicken_01/Root/Hips/Breasts1/Head_1/Head_2/Feather_1/Feather_2"
            ],
            [
                [
                    [
                        7,
                        1,
                        0,
                        0,
                        0,
                        0,
                        1,
                        0,
                        0,
                        0,
                        0,
                        1,
                        0,
                        0.000043716401705751196,
                        -0.007750730030238628,
                        0.0002017700026044622,
                        1
                    ],
                    [
                        7,
                        -1,
                        1.0559957768185892e-16,
                        -6.201880610333911e-17,
                        0,
                        1.2246468525851679e-16,
                        0.8622859716415405,
                        -0.5064219832420349,
                        0,
                        8.701638808948231e-33,
                        -0.5064219832420349,
                        -0.8622859716415405,
                        0,
                        -0.000043716401705751196,
                        -0.0067705498076975346,
                        0.002032209886237979,
                        1
                    ],
                    [
                        7,
                        1,
                        0,
                        0,
                        0,
                        0,
                        6.123234262925839e-17,
                        1,
                        0,
                        0,
                        -1,
                        6.123234262925839e-17,
                        0,
                        -0.003121719928458333,
                        -0.0016029799589887261,
                        -0.004776129964739084,
                        1
                    ],
                    [
                        7,
                        1,
                        0,
                        0,
                        0,
                        0,
                        -0.20321600139141083,
                        0.9791340231895447,
                        0,
                        0,
                        -0.9791340231895447,
                        -0.20321600139141083,
                        0,
                        -0.0025165099650621414,
                        -0.0005481690168380737,
                        -0.0005792679730802774,
                        1
                    ],
                    [
                        7,
                        1,
                        0,
                        0,
                        0,
                        0,
                        -0.9989029765129089,
                        0.04682359844446182,
                        0,
                        0,
                        -0.04682359844446182,
                        -0.9989029765129089,
                        0,
                        -0.0032906599808484316,
                        0.0004289640055503696,
                        0.0015406799502670765,
                        1
                    ],
                    [
                        7,
                        1,
                        0,
                        0,
                        0,
                        0,
                        6.123234262925839e-17,
                        1,
                        0,
                        0,
                        -1,
                        6.123234262925839e-17,
                        0,
                        0.003198090009391308,
                        -0.0016029799589887261,
                        -0.004776129964739084,
                        1
                    ],
                    [
                        7,
                        1,
                        0,
                        0,
                        0,
                        0,
                        -0.20321600139141083,
                        0.9791340231895447,
                        0,
                        0,
                        -0.9791340231895447,
                        -0.20321600139141083,
                        0,
                        0.002592870034277439,
                        -0.0005481690168380737,
                        -0.0005792679730802774,
                        1
                    ],
                    [
                        7,
                        1,
                        0,
                        0,
                        0,
                        0,
                        -0.9989029765129089,
                        0.04682359844446182,
                        0,
                        0,
                        -0.04682359844446182,
                        -0.9989029765129089,
                        0,
                        0.0033670300617814064,
                        0.0004289640055503696,
                        0.0015406799502670765,
                        1
                    ],
                    [
                        7,
                        1,
                        -8.688800079426073e-8,
                        -1.3562577394673754e-25,
                        0,
                        4.214230386878626e-8,
                        0.4850189983844757,
                        -0.874504029750824,
                        0,
                        7.598385565188437e-8,
                        0.874504029750824,
                        0.4850189983844757,
                        0,
                        0.000043716401705751196,
                        0.00073116400744766,
                        0.007995730265974998,
                        1
                    ],
                    [
                        7,
                        1,
                        -8.688800079426073e-8,
                        -1.3562577394673754e-25,
                        0,
                        4.214230386878626e-8,
                        0.4850189983844757,
                        -0.874504029750824,
                        0,
                        7.598385565188437e-8,
                        0.874504029750824,
                        0.4850189983844757,
                        0,
                        0.0000437162998423446,
                        0.003261090023443103,
                        0.009651710279285908,
                        1
                    ],
                    [
                        7,
                        -1,
                        -2.107340080215181e-8,
                        1.793653940397453e-16,
                        0,
                        -5.429833915826521e-9,
                        0.2576630115509033,
                        -0.9662349820137024,
                        0,
                        2.036185087206377e-8,
                        -0.9662349820137024,
                        -0.2576630115509033,
                        0,
                        -0.00004371644899947569,
                        -0.0016680799890309572,
                        0.00916512031108141,
                        1
                    ],
                    [
                        7,
                        1,
                        0,
                        0,
                        0,
                        0,
                        1,
                        0,
                        0,
                        0,
                        0,
                        1,
                        0,
                        0.000043716401705751196,
                        -0.00572215998545289,
                        -0.005159270018339157,
                        1
                    ],
                    [
                        7,
                        -1,
                        -2.125280040843336e-8,
                        -2.214312604269906e-16,
                        0,
                        -8.092003511706025e-9,
                        0.38075000047683716,
                        -0.9246780276298523,
                        0,
                        1.9651997362757356e-8,
                        -0.9246780276298523,
                        -0.38075000047683716,
                        0,
                        -0.00004371630711830221,
                        -0.0023417100310325623,
                        0.011391459964215755,
                        1
                    ],
                    [
                        7,
                        -1,
                        1.2245059010087888e-16,
                        -1.8553154491439222e-18,
                        0,
                        1.2246468525851679e-16,
                        0.9998850226402283,
                        -0.015149800106883049,
                        0,
                        -5.620632666941499e-34,
                        -0.015149800106883049,
                        -0.9998850226402283,
                        0,
                        -0.00004371649993117899,
                        -0.012308159843087196,
                        0.004924669861793518,
                        1
                    ],
                    [
                        7,
                        1,
                        0,
                        0,
                        0,
                        0,
                        1,
                        0,
                        0,
                        0,
                        0,
                        1,
                        0,
                        0.00004371649993117899,
                        -0.016919830814003944,
                        -0.003763149958103895,
                        1
                    ],
                    [
                        7,
                        1,
                        0,
                        0,
                        0,
                        0,
                        1,
                        0,
                        0,
                        0,
                        0,
                        1,
                        0,
                        0.00004371649993117899,
                        -0.019749140366911888,
                        -0.0018198200268670917,
                        1
                    ]
                ],
                8,
                8,
                8,
                8,
                8,
                8,
                8,
                8,
                8,
                8,
                8,
                8,
                8,
                8,
                8,
                8
            ]
        ]
    ],
    0,
    0,
    [],
    [],
    []
]
