[
    1,
    0,
    0,
    [
        [
            "cc.Skeleton",
            [
                "_name",
                "_hash",
                "_joints",
                "_bindposes"
            ],
            0,
            12
        ]
    ],
    [
        [
            0,
            0,
            1,
            2,
            3,
            4
        ]
    ],
    [
        [
            0,
            "Skin-0",
            1602912283,
            [
                "Vitez/Bip001/Bip001 Pelvis",
                "Vitez/Bip001/Bip001 Pelvis/Bip001 Spine",
                "Vitez/Bip001/Bip001 Pelvis/Bip001 Spine/Bip001 Neck",
                "Vitez/Bip001/Bip001 Pelvis/Bip001 Spine/Bip001 Neck/Bip001 Head",
                "Vitez/Bip001/Bip001 Pelvis/Bip001 Spine/Bip001 Neck/Bip001 Head/Bip001 HeadNub",
                "Vitez/Bip001/Bip001 Pelvis/Bip001 Spine/Bip001 L Clavicle",
                "Vitez/Bip001/Bip001 Pelvis/Bip001 Spine/Bip001 L Clavicle/Bip001 L UpperArm",
                "Vitez/Bip001/Bip001 Pelvis/Bip001 Spine/Bip001 L Clavicle/Bip001 L UpperArm/Bip001 L Forearm",
                "Vitez/Bip001/Bip001 Pelvis/Bip001 Spine/Bip001 L Clavicle/Bip001 L UpperArm/Bip001 L Forearm/Bip001 L Hand",
                "Vitez/Bip001/Bip001 Pelvis/Bip001 Spine/Bip001 R Clavicle",
                "Vitez/Bip001/Bip001 Pelvis/Bip001 Spine/Bip001 R Clavicle/Bip001 R UpperArm",
                "Vitez/Bip001/Bip001 Pelvis/Bip001 Spine/Bip001 R Clavicle/Bip001 R UpperArm/Bip001 R Forearm",
                "Vitez/Bip001/Bip001 Pelvis/Bip001 Spine/Bip001 R Clavicle/Bip001 R UpperArm/Bip001 R Forearm/Bip001 R Hand",
                "Vitez/Bip001/Bip001 Pelvis/Bip001 L Thigh",
                "Vitez/Bip001/Bip001 Pelvis/Bip001 L Thigh/Bip001 L Calf",
                "Vitez/Bip001/Bip001 Pelvis/Bip001 L Thigh/Bip001 L Calf/Bip001 L Foot",
                "Vitez/Bip001/Bip001 Pelvis/Bip001 L Thigh/Bip001 L Calf/Bip001 L Foot/Bip001 L Toe0",
                "Vitez/Bip001/Bip001 Pelvis/Bip001 L Thigh/Bip001 L Calf/Bip001 L Foot/Bip001 L Toe0/Bip001 L Toe0Nub",
                "Vitez/Bip001/Bip001 Pelvis/Bip001 R Thigh",
                "Vitez/Bip001/Bip001 Pelvis/Bip001 R Thigh/Bip001 R Calf",
                "Vitez/Bip001/Bip001 Pelvis/Bip001 R Thigh/Bip001 R Calf/Bip001 R Foot",
                "Vitez/Bip001/Bip001 Pelvis/Bip001 R Thigh/Bip001 R Calf/Bip001 R Foot/Bip001 R Toe0",
                "Vitez/Bip001/Bip001 Pelvis/Bip001 R Thigh/Bip001 R Calf/Bip001 R Foot/Bip001 R Toe0/Bip001 R Toe0Nub"
            ],
            [
                [
                    [
                        7,
                        0.0000013987289548822446,
                        0.0000027577023047342664,
                        1.0000001192092896,
                        0,
                        -5.960460569554016e-8,
                        -1.0000001192092896,
                        0.0000027577023047342664,
                        0,
                        1.0000005960464478,
                        -5.960848881159109e-8,
                        -0.0000013987292959427577,
                        0,
                        -0.2893107235431671,
                        0.019328728318214417,
                        3.5261376751805074e-7,
                        1
                    ],
                    [
                        7,
                        9.771963505045278e-8,
                        -0.0000014026916232978692,
                        1.0000001192092896,
                        0,
                        -0.0007963967509567738,
                        -1.0000001192092896,
                        -0.0000014026128383193281,
                        0,
                        1.0000005960464478,
                        -0.0007963970419950783,
                        -9.883670770705066e-8,
                        0,
                        -0.33365511894226074,
                        0.019707927480340004,
                        6.165416976955385e-8,
                        1
                    ],
                    [
                        7,
                        5.146924308974121e-7,
                        -0.000001506343778601149,
                        1.0000001192092896,
                        0,
                        -0.38144195079803467,
                        -0.9243919253349304,
                        -0.0000011961287782469299,
                        0,
                        0.9243922829627991,
                        -0.3814420998096466,
                        -0.0000010503624707780546,
                        0,
                        -0.44249624013900757,
                        0.20613928139209747,
                        5.395453968048969e-7,
                        1
                    ],
                    [
                        7,
                        4.869750114266935e-8,
                        -0.0000014068115206100629,
                        1.0000001192092896,
                        0,
                        -0.07747901976108551,
                        -0.9969927668571472,
                        -0.0000013988113778395928,
                        0,
                        0.9969931840896606,
                        -0.0774790495634079,
                        -1.5754990556615667e-7,
                        0,
                        -0.5091835260391235,
                        0.0453045479953289,
                        7.511930988357562e-8,
                        1
                    ],
                    [
                        7,
                        4.869724889999816e-8,
                        -0.0000014068140217204927,
                        1.0000001192092896,
                        0,
                        -0.07747901976108551,
                        -0.9969927668571472,
                        -0.0000013988139926368603,
                        0,
                        0.9969931840896606,
                        -0.0774790495634079,
                        -1.575498487227378e-7,
                        0,
                        -0.6066300272941589,
                        0.04530452936887741,
                        6.951392350629249e-8,
                        1
                    ],
                    [
                        7,
                        0.9647322297096252,
                        -0.07334424555301666,
                        0.2528022825717926,
                        0,
                        0.07094843685626984,
                        0.9973077178001404,
                        0.018592165783047676,
                        0,
                        -0.2534869611263275,
                        -5.338665687304456e-7,
                        0.967331051826477,
                        0,
                        0.09134257584810257,
                        -0.017403559759259224,
                        -0.45462897419929504,
                        1
                    ],
                    [
                        7,
                        0.7775906324386597,
                        -0.000001809194600355113,
                        0.6287665963172913,
                        0,
                        0.06277266889810562,
                        0.9950039386749268,
                        -0.07762665301561356,
                        0,
                        -0.6256294250488281,
                        0.09983178228139877,
                        0.7737017869949341,
                        0,
                        0.20988447964191437,
                        -0.06835754960775375,
                        -0.3987494111061096,
                        1
                    ],
                    [
                        7,
                        0.7620880007743835,
                        0.15448112785816193,
                        0.6287691593170166,
                        0,
                        -0.13615432381629944,
                        0.9876405000686646,
                        -0.07762730121612549,
                        0,
                        -0.6329941749572754,
                        -0.02645099349319935,
                        0.7736992239952087,
                        0,
                        0.10438099503517151,
                        -0.04858936369419098,
                        -0.39874935150146484,
                        1
                    ],
                    [
                        7,
                        0.7709315419197083,
                        -0.6286877989768982,
                        0.10202650725841522,
                        0,
                        -0.06767746061086655,
                        0.07842080295085907,
                        0.9946204423904419,
                        0,
                        -0.6333094239234924,
                        -0.7736865282058716,
                        0.0179092176258564,
                        0,
                        0.011203049682080746,
                        0.3987102806568146,
                        -0.049798548221588135,
                        1
                    ],
                    [
                        7,
                        -0.9647323489189148,
                        0.07334145903587341,
                        0.2528020441532135,
                        0,
                        0.07094573974609375,
                        0.9973077178001404,
                        -0.018591463565826416,
                        0,
                        -0.25348663330078125,
                        -5.587942268903134e-7,
                        -0.967331051826477,
                        0,
                        0.09134233742952347,
                        -0.01740354858338833,
                        0.4546290338039398,
                        1
                    ],
                    [
                        7,
                        -0.7775905728340149,
                        -0.0000010087703685712768,
                        0.6287665963172913,
                        0,
                        0.06277047097682953,
                        0.9950039386749268,
                        0.07762843370437622,
                        0,
                        -0.6256294250488281,
                        0.09983178228139877,
                        -0.7737017869949341,
                        0,
                        0.20988450944423676,
                        -0.06835759431123734,
                        0.39874929189682007,
                        1
                    ],
                    [
                        7,
                        -0.7620862126350403,
                        -0.15448428690433502,
                        0.6287690997123718,
                        0,
                        -0.1361563801765442,
                        0.9876405000686646,
                        0.07762940227985382,
                        0,
                        -0.6329932808876038,
                        -0.02645086869597435,
                        -0.7736992239952087,
                        0,
                        0.10438068211078644,
                        -0.04858950152993202,
                        0.39874938130378723,
                        1
                    ],
                    [
                        7,
                        -0.7709313631057739,
                        0.628687858581543,
                        0.10202903300523758,
                        0,
                        -0.0676795020699501,
                        0.07842227816581726,
                        -0.9946204423904419,
                        0,
                        -0.6333096623420715,
                        -0.7736865282058716,
                        -0.017909051850438118,
                        0,
                        0.0112033411860466,
                        0.3987101912498474,
                        0.04979851096868515,
                        1
                    ],
                    [
                        7,
                        0.0851501077413559,
                        0.03994173929095268,
                        -0.9955678582191467,
                        0,
                        -0.04135102778673172,
                        -0.9981916546821594,
                        -0.0435839407145977,
                        0,
                        -0.9955098032951355,
                        0.044878844171762466,
                        -0.08334476500749588,
                        0,
                        0.28506654500961304,
                        0.004553528036922216,
                        0.06873322278261185,
                        1
                    ],
                    [
                        7,
                        0.07598305493593216,
                        0.05542963743209839,
                        -0.9955678582191467,
                        0,
                        0.14954228699207306,
                        -0.9877929091453552,
                        -0.043583713471889496,
                        0,
                        -0.9858323931694031,
                        -0.14556756615638733,
                        -0.08334475755691528,
                        0,
                        0.12954413890838623,
                        0.029774148017168045,
                        0.06873321533203125,
                        1
                    ],
                    [
                        7,
                        5.9009675368315584e-8,
                        0.0000013302965271577705,
                        -1.0000001192092896,
                        0,
                        3.895809541631934e-8,
                        -1.0000001192092896,
                        -0.0000013302965271577705,
                        0,
                        -1.0000005960464478,
                        -3.895803146747312e-8,
                        -5.900974997530284e-8,
                        0,
                        0.04336196929216385,
                        0.027355048805475235,
                        0.0642116367816925,
                        1
                    ],
                    [
                        7,
                        0.0000014508646017930005,
                        2.34880284709707e-13,
                        -1.0000001192092896,
                        0,
                        -1.0000001192092896,
                        -1.6292088389491255e-7,
                        -0.0000014508646017930005,
                        0,
                        -1.6292095494918613e-7,
                        1.0000005960464478,
                        -1.4958312798517693e-15,
                        0,
                        -0.06448546051979065,
                        -0.002205489668995142,
                        0.0642116367816925,
                        1
                    ],
                    [
                        7,
                        0.000001442253278582939,
                        2.334687347962938e-13,
                        -1.0000001192092896,
                        0,
                        -1.0000001192092896,
                        -1.6292088389491255e-7,
                        -0.000001442253278582939,
                        0,
                        -1.6292095494918613e-7,
                        1.0000005960464478,
                        -1.5043988063550098e-15,
                        0,
                        -0.06859710067510605,
                        -0.0022054703440517187,
                        0.0642116367816925,
                        1
                    ],
                    [
                        7,
                        -0.08515026420354843,
                        -0.03993895277380943,
                        -0.9955678582191467,
                        0,
                        -0.04135115444660187,
                        -0.9981942176818848,
                        0.04358106106519699,
                        0,
                        -0.9955098628997803,
                        0.044878844171762466,
                        0.08334504067897797,
                        0,
                        0.28506651520729065,
                        0.004553527571260929,
                        -0.06873326003551483,
                        1
                    ],
                    [
                        7,
                        -0.07598327100276947,
                        -0.05542708933353424,
                        -0.9955678582191467,
                        0,
                        0.1495412290096283,
                        -0.9877954125404358,
                        0.04358110949397087,
                        0,
                        -0.9858323931694031,
                        -0.14556705951690674,
                        0.08334452658891678,
                        0,
                        0.12954413890838623,
                        0.029774228110909462,
                        -0.06873318552970886,
                        1
                    ],
                    [
                        7,
                        1.6213347464599792e-7,
                        0.0000013142564512236277,
                        -1.0000001192092896,
                        0,
                        -3.2655773196665905e-8,
                        -1.0000001192092896,
                        -0.0000013142564512236277,
                        0,
                        -1.0000005960464478,
                        3.265599701762767e-8,
                        -1.6213348885685264e-7,
                        0,
                        0.04336201027035713,
                        0.027355197817087173,
                        -0.0642116442322731,
                        1
                    ],
                    [
                        7,
                        0.0000014105545460552094,
                        1.490138679116626e-8,
                        -1.0000001192092896,
                        0,
                        -1.0000001192092896,
                        -1.6292086968405783e-7,
                        -0.0000014105545460552094,
                        0,
                        -1.6292095494918613e-7,
                        1.0000005960464478,
                        1.4901162970204496e-8,
                        0,
                        -0.06448536366224289,
                        -0.002205509692430496,
                        -0.0642116516828537,
                        1
                    ],
                    [
                        7,
                        0.0000014105545460552094,
                        1.4901411660162012e-8,
                        -1.0000001192092896,
                        0,
                        -1.0000001192092896,
                        -1.6292086968405783e-7,
                        -0.0000014105545460552094,
                        0,
                        -1.6292095494918613e-7,
                        1.0000005960464478,
                        1.4901187839200247e-8,
                        0,
                        -0.06859703361988068,
                        -0.0022055304143577814,
                        -0.0642116442322731,
                        1
                    ]
                ],
                8,
                8,
                8,
                8,
                8,
                8,
                8,
                8,
                8,
                8,
                8,
                8,
                8,
                8,
                8,
                8,
                8,
                8,
                8,
                8,
                8,
                8,
                8
            ]
        ]
    ],
    0,
    0,
    [],
    [],
    []
]
